 ---------------------------------------------------------------
 Surface and Strip Forces by surface

  Forces referred to Sref, Cref, Bref about Xref, Yref, Zref
 Standard axis orientation,  X fwd, Z down         

  Surface # 1     Wing                                    
     # Chordwise = 10   # Spanwise = 30     First strip =  1
     Surface area =   52.500000       Ave. chord =    3.750000
     CLsurf  =   0.28988     Clsurf  =  -0.06422
     CYsurf  =  -0.00018     Cmsurf  =  -0.18271
     CDsurf  =   0.00652     Cnsurf  =  -0.00489
     CDisurf =   0.00652     CDvsurf =   0.00000

  Forces referred to Ssurf, Cave about hinge axis thru LE
     CLsurf  =   0.57977     CDsurf  =   0.01305
     Deflect =

 Strip Forces referred to Strip Area, Chord
    j      Yle    Chord     Area     c cl      ai      cl_norm  cl       cd       cdv    cm_c/4    cm_LE  C.P.x/c
     1   0.2333   5.4417   2.5394   2.6539   0.0464   0.5044   0.4874   0.0263   0.0000  -0.0093  -0.1273    0.269
     2   0.7000   5.3250   2.4850   2.6504   0.0464   0.5153   0.4979   0.0212   0.0000  -0.0065  -0.1271    0.263
     3   1.1667   5.2083   2.4306   2.6436   0.0462   0.5257   0.5080   0.0192   0.0000  -0.0043  -0.1273    0.259
     4   1.6333   5.0917   2.3761   2.6333   0.0459   0.5359   0.5178   0.0177   0.0000  -0.0026  -0.1280    0.255
     5   2.1000   4.9750   2.3217   2.6197   0.0456   0.5457   0.5274   0.0166   0.0000  -0.0013  -0.1290    0.252
     6   2.5667   4.8583   2.2672   2.6028   0.0453   0.5554   0.5367   0.0156   0.0000  -0.0003  -0.1302    0.251
     7   3.0333   4.7417   2.2128   2.5827   0.0449   0.5647   0.5457   0.0149   0.0000   0.0005  -0.1316    0.249
     8   3.5000   4.6250   2.1583   2.5595   0.0444   0.5738   0.5545   0.0142   0.0000   0.0011  -0.1331    0.248
     9   3.9667   4.5083   2.1039   2.5331   0.0439   0.5827   0.5631   0.0134   0.0000   0.0016  -0.1347    0.247
    10   4.4333   4.3917   2.0494   2.5037   0.0434   0.5913   0.5714   0.0130   0.0000   0.0020  -0.1363    0.246
    11   4.9000   4.2750   1.9950   2.4714   0.0428   0.5997   0.5795   0.0125   0.0000   0.0023  -0.1380    0.246
    12   5.3667   4.1583   1.9406   2.4360   0.0423   0.6078   0.5873   0.0119   0.0000   0.0026  -0.1396    0.246
    13   5.8333   4.0417   1.8861   2.3978   0.0417   0.6156   0.5948   0.0114   0.0000   0.0028  -0.1412    0.245
    14   6.3000   3.9250   1.8317   2.3567   0.0411   0.6231   0.6021   0.0109   0.0000   0.0030  -0.1428    0.245
    15   6.7667   3.8083   1.7772   2.3128   0.0406   0.6302   0.6090   0.0105   0.0000   0.0031  -0.1443    0.245
    16   7.2333   3.6917   1.7228   2.2660   0.0400   0.6370   0.6156   0.0101   0.0000   0.0033  -0.1457    0.245
    17   7.7000   3.5750   1.6683   2.2163   0.0395   0.6435   0.6218   0.0096   0.0000   0.0034  -0.1470    0.244
    18   8.1667   3.4583   1.6139   2.1637   0.0390   0.6494   0.6276   0.0092   0.0000   0.0036  -0.1482    0.244
    19   8.6333   3.3417   1.5594   2.1081   0.0386   0.6549   0.6328   0.0088   0.0000   0.0038  -0.1493    0.244
    20   9.1000   3.2250   1.5050   2.0493   0.0382   0.6597   0.6375   0.0084   0.0000   0.0040  -0.1502    0.244
    21   9.5667   3.1083   1.4506   1.9871   0.0379   0.6637   0.6414   0.0079   0.0000   0.0043  -0.1509    0.243
    22  10.0333   2.9917   1.3961   1.9214   0.0376   0.6669   0.6444   0.0075   0.0000   0.0045  -0.1514    0.243
    23  10.5000   2.8750   1.3417   1.8518   0.0375   0.6688   0.6463   0.0073   0.0000   0.0049  -0.1515    0.242
    24  10.9667   2.7583   1.2872   1.7778   0.0374   0.6693   0.6467   0.0069   0.0000   0.0052  -0.1513    0.242
    25  11.4333   2.6417   1.2328   1.6987   0.0375   0.6678   0.6453   0.0067   0.0000   0.0055  -0.1506    0.241
    26  11.9000   2.5250   1.1783   1.6139   0.0376   0.6637   0.6414   0.0067   0.0000   0.0056  -0.1496    0.241
    27  12.3667   2.4083   1.1239   1.5222   0.0378   0.6563   0.6342   0.0069   0.0000   0.0053  -0.1482    0.242
    28  12.8333   2.2917   1.0694   1.4228   0.0381   0.6446   0.6229   0.0077   0.0000   0.0036  -0.1471    0.244
    29  13.3000   2.1750   1.0150   1.3148   0.0384   0.6273   0.6062   0.0105   0.0000  -0.0013  -0.1479    0.252
    30  13.7667   2.0583   0.9606   1.2008   0.0392   0.6045   0.5842   0.0193   0.0000  -0.0157  -0.1567    0.277

  Surface # 2     Wing (YDUP)                             
     # Chordwise = 10   # Spanwise = 30     First strip = 31
     Surface area =   52.500000       Ave. chord =    3.750000
     CLsurf  =   0.28988     Clsurf  =   0.06422
     CYsurf  =   0.00017     Cmsurf  =  -0.18271
     CDsurf  =   0.00652     Cnsurf  =   0.00490
     CDisurf =   0.00652     CDvsurf =   0.00000

  Forces referred to Ssurf, Cave about hinge axis thru LE
     CLsurf  =   0.57977     CDsurf  =   0.01304
     Deflect =

 Strip Forces referred to Strip Area, Chord
    j      Yle    Chord     Area     c cl      ai      cl_norm  cl       cd       cdv    cm_c/4    cm_LE  C.P.x/c
    31  -0.2333   5.4417   2.5394   2.6539   0.0464   0.5044   0.4874   0.0263   0.0000  -0.0093   0.1273    0.269
    32  -0.7000   5.3250   2.4850   2.6504   0.0464   0.5153   0.4979   0.0212   0.0000  -0.0065   0.1271    0.263
    33  -1.1667   5.2083   2.4306   2.6436   0.0462   0.5257   0.5080   0.0191   0.0000  -0.0043   0.1273    0.259
    34  -1.6333   5.0917   2.3761   2.6333   0.0459   0.5359   0.5178   0.0176   0.0000  -0.0026   0.1280    0.255
    35  -2.1000   4.9750   2.3217   2.6197   0.0456   0.5457   0.5274   0.0166   0.0000  -0.0013   0.1290    0.252
    36  -2.5667   4.8583   2.2672   2.6028   0.0453   0.5554   0.5367   0.0156   0.0000  -0.0003   0.1302    0.251
    37  -3.0333   4.7417   2.2128   2.5827   0.0449   0.5647   0.5457   0.0149   0.0000   0.0005   0.1316    0.249
    38  -3.5000   4.6250   2.1583   2.5595   0.0444   0.5738   0.5545   0.0142   0.0000   0.0011   0.1331    0.248
    39  -3.9667   4.5083   2.1039   2.5331   0.0439   0.5827   0.5631   0.0134   0.0000   0.0016   0.1347    0.247
    40  -4.4333   4.3917   2.0494   2.5037   0.0434   0.5913   0.5714   0.0130   0.0000   0.0020   0.1363    0.246
    41  -4.9000   4.2750   1.9950   2.4714   0.0428   0.5997   0.5795   0.0125   0.0000   0.0023   0.1380    0.246
    42  -5.3667   4.1583   1.9406   2.4360   0.0423   0.6078   0.5873   0.0119   0.0000   0.0026   0.1396    0.246
    43  -5.8333   4.0417   1.8861   2.3978   0.0417   0.6156   0.5948   0.0114   0.0000   0.0028   0.1412    0.245
    44  -6.3000   3.9250   1.8317   2.3567   0.0411   0.6231   0.6021   0.0109   0.0000   0.0030   0.1428    0.245
    45  -6.7667   3.8083   1.7772   2.3128   0.0406   0.6302   0.6090   0.0105   0.0000   0.0031   0.1443    0.245
    46  -7.2333   3.6917   1.7228   2.2660   0.0400   0.6370   0.6156   0.0101   0.0000   0.0033   0.1457    0.245
    47  -7.7000   3.5750   1.6683   2.2163   0.0395   0.6435   0.6218   0.0096   0.0000   0.0034   0.1470    0.244
    48  -8.1667   3.4583   1.6139   2.1637   0.0390   0.6494   0.6276   0.0092   0.0000   0.0036   0.1482    0.244
    49  -8.6333   3.3417   1.5594   2.1081   0.0386   0.6549   0.6328   0.0088   0.0000   0.0038   0.1493    0.244
    50  -9.1000   3.2250   1.5050   2.0493   0.0382   0.6597   0.6375   0.0084   0.0000   0.0040   0.1502    0.244
    51  -9.5667   3.1083   1.4506   1.9871   0.0379   0.6637   0.6414   0.0079   0.0000   0.0043   0.1509    0.243
    52 -10.0333   2.9917   1.3961   1.9214   0.0376   0.6669   0.6444   0.0075   0.0000   0.0045   0.1514    0.243
    53 -10.5000   2.8750   1.3417   1.8518   0.0375   0.6688   0.6463   0.0073   0.0000   0.0049   0.1515    0.242
    54 -10.9667   2.7583   1.2872   1.7778   0.0374   0.6693   0.6467   0.0068   0.0000   0.0052   0.1513    0.242
    55 -11.4333   2.6417   1.2328   1.6987   0.0375   0.6678   0.6453   0.0066   0.0000   0.0055   0.1506    0.241
    56 -11.9000   2.5250   1.1783   1.6139   0.0376   0.6637   0.6414   0.0067   0.0000   0.0056   0.1496    0.241
    57 -12.3667   2.4083   1.1239   1.5222   0.0378   0.6563   0.6342   0.0069   0.0000   0.0053   0.1482    0.242
    58 -12.8333   2.2917   1.0694   1.4228   0.0381   0.6446   0.6229   0.0077   0.0000   0.0036   0.1471    0.244
    59 -13.3000   2.1750   1.0150   1.3148   0.0384   0.6273   0.6062   0.0105   0.0000  -0.0013   0.1479    0.252
    60 -13.7667   2.0583   0.9606   1.2008   0.0392   0.6045   0.5842   0.0191   0.0000  -0.0157   0.1567    0.277

  Surface # 3     Winglet                                 
     # Chordwise = 10   # Spanwise = 30     First strip = 61
     Surface area =    1.661908       Ave. chord =    1.120000
     CLsurf  =   0.01012     Clsurf  =  -0.00522
     CYsurf  =  -0.00371     Cmsurf  =  -0.01126
     CDsurf  =  -0.00069     Cnsurf  =  -0.00025
     CDisurf =  -0.00069     CDvsurf =   0.00000

  Forces referred to Ssurf, Cave about hinge axis thru LE
     CLsurf  =   0.68016     CDsurf  =  -0.04365
     Deflect =

 Strip Forces referred to Strip Area, Chord
    j      Yle    Chord     Area     c cl      ai      cl_norm  cl       cd       cdv    cm_c/4    cm_LE  C.P.x/c
    61  14.0228   1.5840   0.0783   1.1714   0.0353   0.9061   0.7562  -0.1554   0.0000   0.0356  -0.1401    0.203
    62  14.0685   1.5520   0.0768   1.1190   0.0344   0.8769   0.7319  -0.0912   0.0000   0.0270  -0.1433    0.213
    63  14.1142   1.5200   0.0752   1.0881   0.0338   0.8679   0.7243  -0.0644   0.0000   0.0233  -0.1454    0.218
    64  14.1598   1.4880   0.0736   1.0636   0.0335   0.8656   0.7224  -0.0544   0.0000   0.0213  -0.1468    0.220
    65  14.2055   1.4560   0.0720   1.0401   0.0332   0.8640   0.7211  -0.0452   0.0000   0.0199  -0.1479    0.222
    66  14.2512   1.4240   0.0704   1.0166   0.0330   0.8628   0.7201  -0.0390   0.0000   0.0189  -0.1486    0.224
    67  14.2968   1.3920   0.0689   0.9928   0.0329   0.8617   0.7191  -0.0358   0.0000   0.0181  -0.1492    0.225
    68  14.3425   1.3600   0.0673   0.9697   0.0328   0.8610   0.7186  -0.0323   0.0000   0.0177  -0.1495    0.225
    69  14.3882   1.3280   0.0657   0.9474   0.0327   0.8613   0.7188  -0.0301   0.0000   0.0176  -0.1497    0.226
    70  14.4338   1.2960   0.0641   0.9232   0.0326   0.8602   0.7179  -0.0316   0.0000   0.0174  -0.1496    0.226
    71  14.4795   1.2640   0.0625   0.8995   0.0326   0.8592   0.7171  -0.0306   0.0000   0.0175  -0.1494    0.226
    72  14.5252   1.2320   0.0609   0.8758   0.0327   0.8582   0.7162  -0.0296   0.0000   0.0178  -0.1489    0.225
    73  14.5708   1.2000   0.0594   0.8508   0.0328   0.8560   0.7144  -0.0301   0.0000   0.0180  -0.1483    0.225
    74  14.6165   1.1680   0.0578   0.8262   0.0329   0.8539   0.7126  -0.0288   0.0000   0.0186  -0.1474    0.224
    75  14.6622   1.1360   0.0562   0.8009   0.0331   0.8511   0.7103  -0.0292   0.0000   0.0193  -0.1463    0.223
    76  14.7078   1.1040   0.0546   0.7748   0.0333   0.8473   0.7071  -0.0292   0.0000   0.0201  -0.1449    0.222
    77  14.7535   1.0720   0.0530   0.7482   0.0336   0.8427   0.7033  -0.0294   0.0000   0.0211  -0.1432    0.220
    78  14.7992   1.0400   0.0514   0.7209   0.0340   0.8370   0.6986  -0.0305   0.0000   0.0222  -0.1411    0.218
    79  14.8448   1.0080   0.0499   0.6921   0.0345   0.8291   0.6919  -0.0309   0.0000   0.0235  -0.1385    0.216
    80  14.8905   0.9760   0.0483   0.6625   0.0351   0.8199   0.6843  -0.0323   0.0000   0.0249  -0.1355    0.214
    81  14.9362   0.9440   0.0467   0.6320   0.0357   0.8088   0.6750  -0.0337   0.0000   0.0267  -0.1318    0.211
    82  14.9818   0.9120   0.0451   0.5992   0.0364   0.7937   0.6624  -0.0317   0.0000   0.0284  -0.1275    0.207
    83  15.0275   0.8800   0.0435   0.5649   0.0373   0.7758   0.6474  -0.0343   0.0000   0.0304  -0.1223    0.203
    84  15.0732   0.8480   0.0419   0.5273   0.0383   0.7518   0.6274  -0.0359   0.0000   0.0322  -0.1161    0.199
    85  15.1188   0.8160   0.0404   0.4884   0.0394   0.7238   0.6041  -0.0359   0.0000   0.0345  -0.1088    0.193
    86  15.1645   0.7840   0.0388   0.4454   0.0406   0.6871   0.5734  -0.0348   0.0000   0.0366  -0.1000    0.186
    87  15.2102   0.7520   0.0372   0.3974   0.0420   0.6390   0.5333  -0.0308   0.0000   0.0382  -0.0894    0.178
    88  15.2558   0.7200   0.0356   0.3412   0.0436   0.5736   0.4787  -0.0344   0.0000   0.0386  -0.0765    0.169
    89  15.3015   0.6880   0.0340   0.2738   0.0454   0.4822   0.4024  -0.0320   0.0000   0.0370  -0.0604    0.158
    90  15.3472   0.6560   0.0324   0.1830   0.0474   0.3389   0.2828  -0.0306   0.0000   0.0297  -0.0391    0.145

  Surface # 4     Winglet (YDUP)                          
     # Chordwise = 10   # Spanwise = 30     First strip = 91
     Surface area =    1.661908       Ave. chord =    1.120000
     CLsurf  =   0.01012     Clsurf  =   0.00522
     CYsurf  =   0.00371     Cmsurf  =  -0.01126
     CDsurf  =  -0.00069     Cnsurf  =   0.00025
     CDisurf =  -0.00069     CDvsurf =   0.00000

  Forces referred to Ssurf, Cave about hinge axis thru LE
     CLsurf  =   0.68017     CDsurf  =  -0.04365
     Deflect =

 Strip Forces referred to Strip Area, Chord
    j      Yle    Chord     Area     c cl      ai      cl_norm  cl       cd       cdv    cm_c/4    cm_LE  C.P.x/c
    91 -14.0228   1.5840   0.0783   1.1716   0.0353   0.9063   0.7563  -0.1557   0.0000   0.0356   0.1401    0.203
    92 -14.0685   1.5520   0.0768   1.1186   0.0344   0.8768   0.7318  -0.0927   0.0000   0.0270   0.1433    0.213
    93 -14.1142   1.5200   0.0752   1.0894   0.0338   0.8689   0.7252  -0.0641   0.0000   0.0235   0.1454    0.218
    94 -14.1598   1.4880   0.0736   1.0636   0.0335   0.8654   0.7223  -0.0535   0.0000   0.0213   0.1468    0.221
    95 -14.2055   1.4560   0.0720   1.0398   0.0332   0.8638   0.7209  -0.0450   0.0000   0.0199   0.1479    0.222
    96 -14.2512   1.4240   0.0704   1.0167   0.0330   0.8629   0.7201  -0.0386   0.0000   0.0189   0.1486    0.224
    97 -14.2968   1.3920   0.0689   0.9929   0.0329   0.8618   0.7192  -0.0357   0.0000   0.0182   0.1492    0.225
    98 -14.3425   1.3600   0.0673   0.9694   0.0328   0.8609   0.7185  -0.0334   0.0000   0.0176   0.1495    0.225
    99 -14.3882   1.3280   0.0657   0.9467   0.0327   0.8608   0.7184  -0.0307   0.0000   0.0175   0.1496    0.226
   100 -14.4338   1.2960   0.0641   0.9229   0.0326   0.8598   0.7176  -0.0308   0.0000   0.0173   0.1496    0.226
   101 -14.4795   1.2640   0.0625   0.8994   0.0326   0.8591   0.7170  -0.0305   0.0000   0.0175   0.1494    0.226
   102 -14.5252   1.2320   0.0609   0.8757   0.0327   0.8582   0.7162  -0.0300   0.0000   0.0177   0.1489    0.225
   103 -14.5708   1.2000   0.0594   0.8509   0.0328   0.8561   0.7145  -0.0307   0.0000   0.0180   0.1483    0.225
   104 -14.6165   1.1680   0.0578   0.8261   0.0329   0.8538   0.7125  -0.0286   0.0000   0.0186   0.1474    0.224
   105 -14.6622   1.1360   0.0562   0.8011   0.0331   0.8513   0.7105  -0.0289   0.0000   0.0193   0.1463    0.223
   106 -14.7078   1.1040   0.0546   0.7748   0.0333   0.8472   0.7071  -0.0286   0.0000   0.0201   0.1449    0.222
   107 -14.7535   1.0720   0.0530   0.7482   0.0336   0.8426   0.7032  -0.0292   0.0000   0.0211   0.1432    0.220
   108 -14.7992   1.0400   0.0514   0.7209   0.0340   0.8369   0.6985  -0.0298   0.0000   0.0222   0.1411    0.218
   109 -14.8448   1.0080   0.0499   0.6918   0.0345   0.8288   0.6917  -0.0306   0.0000   0.0234   0.1385    0.216
   110 -14.8905   0.9760   0.0483   0.6627   0.0351   0.8199   0.6842  -0.0302   0.0000   0.0250   0.1355    0.214
   111 -14.9362   0.9440   0.0467   0.6324   0.0357   0.8093   0.6754  -0.0330   0.0000   0.0268   0.1318    0.210
   112 -14.9818   0.9120   0.0451   0.5989   0.0364   0.7934   0.6622  -0.0337   0.0000   0.0283   0.1275    0.207
   113 -15.0275   0.8800   0.0435   0.5650   0.0373   0.7762   0.6478  -0.0364   0.0000   0.0304   0.1223    0.203
   114 -15.0732   0.8480   0.0419   0.5274   0.0383   0.7518   0.6274  -0.0348   0.0000   0.0322   0.1161    0.199
   115 -15.1188   0.8160   0.0404   0.4885   0.0394   0.7238   0.6041  -0.0355   0.0000   0.0345   0.1088    0.193
   116 -15.1645   0.7840   0.0388   0.4455   0.0406   0.6872   0.5735  -0.0355   0.0000   0.0366   0.1000    0.186
   117 -15.2102   0.7520   0.0372   0.3972   0.0420   0.6387   0.5330  -0.0322   0.0000   0.0381   0.0894    0.178
   118 -15.2558   0.7200   0.0356   0.3415   0.0436   0.5741   0.4791  -0.0333   0.0000   0.0387   0.0765    0.169
   119 -15.3015   0.6880   0.0340   0.2741   0.0454   0.4826   0.4028  -0.0321   0.0000   0.0370   0.0604    0.158
   120 -15.3472   0.6560   0.0324   0.1831   0.0474   0.3388   0.2827  -0.0297   0.0000   0.0297   0.0391    0.145
 ---------------------------------------------------------------
