 ---------------------------------------------------------------
 Surface and Strip Forces by surface

  Forces referred to Sref, Cref, Bref about Xref, Yref, Zref
 Standard axis orientation,  X fwd, Z down         

  Surface # 1     Wing                                    
     # Chordwise = 10   # Spanwise = 30     First strip =  1
     Surface area =   52.500000       Ave. chord =    3.750000
     CLsurf  =   0.29931     Clsurf  =  -0.06646
     CYsurf  =  -0.00023     Cmsurf  =  -0.18900
     CDsurf  =   0.00725     Cnsurf  =  -0.00513
     CDisurf =   0.00725     CDvsurf =   0.00000

  Forces referred to Ssurf, Cave about hinge axis thru LE
     CLsurf  =   0.59862     CDsurf  =   0.01450
     Deflect =

 Strip Forces referred to Strip Area, Chord
    j      Yle    Chord     Area     c cl      ai      cl_norm  cl       cd       cdv    cm_c/4    cm_LE  C.P.x/c
     1   0.2333   5.4417   2.5394   2.7355   0.0486   0.5198   0.5024   0.0281   0.0000  -0.0095  -0.1311    0.269
     2   0.7000   5.3250   2.4850   2.7320   0.0485   0.5311   0.5133   0.0227   0.0000  -0.0066  -0.1309    0.263
     3   1.1667   5.2083   2.4306   2.7248   0.0484   0.5419   0.5237   0.0205   0.0000  -0.0044  -0.1311    0.258
     4   1.6333   5.0917   2.3761   2.7142   0.0481   0.5523   0.5338   0.0190   0.0000  -0.0026  -0.1318    0.255
     5   2.1000   4.9750   2.3217   2.7001   0.0478   0.5625   0.5436   0.0178   0.0000  -0.0012  -0.1328    0.252
     6   2.5667   4.8583   2.2672   2.6826   0.0475   0.5724   0.5532   0.0168   0.0000  -0.0002  -0.1341    0.250
     7   3.0333   4.7417   2.2128   2.6617   0.0471   0.5820   0.5625   0.0160   0.0000   0.0006  -0.1355    0.249
     8   3.5000   4.6250   2.1583   2.6376   0.0466   0.5914   0.5715   0.0153   0.0000   0.0013  -0.1371    0.248
     9   3.9667   4.5083   2.1039   2.6102   0.0461   0.6005   0.5803   0.0145   0.0000   0.0018  -0.1387    0.247
    10   4.4333   4.3917   2.0494   2.5797   0.0456   0.6093   0.5888   0.0140   0.0000   0.0022  -0.1403    0.246
    11   4.9000   4.2750   1.9950   2.5460   0.0450   0.6179   0.5971   0.0135   0.0000   0.0025  -0.1420    0.246
    12   5.3667   4.1583   1.9406   2.5094   0.0445   0.6261   0.6051   0.0129   0.0000   0.0028  -0.1437    0.245
    13   5.8333   4.0417   1.8861   2.4697   0.0439   0.6341   0.6128   0.0124   0.0000   0.0030  -0.1453    0.245
    14   6.3000   3.9250   1.8317   2.4270   0.0433   0.6417   0.6201   0.0119   0.0000   0.0032  -0.1469    0.245
    15   6.7667   3.8083   1.7772   2.3814   0.0428   0.6490   0.6272   0.0114   0.0000   0.0033  -0.1484    0.245
    16   7.2333   3.6917   1.7228   2.3329   0.0422   0.6559   0.6339   0.0110   0.0000   0.0035  -0.1499    0.244
    17   7.7000   3.5750   1.6683   2.2814   0.0417   0.6625   0.6402   0.0105   0.0000   0.0037  -0.1512    0.244
    18   8.1667   3.4583   1.6139   2.2269   0.0412   0.6685   0.6460   0.0101   0.0000   0.0038  -0.1525    0.244
    19   8.6333   3.3417   1.5594   2.1693   0.0408   0.6740   0.6513   0.0097   0.0000   0.0040  -0.1536    0.244
    20   9.1000   3.2250   1.5050   2.1086   0.0404   0.6789   0.6561   0.0093   0.0000   0.0041  -0.1546    0.244
    21   9.5667   3.1083   1.4506   2.0446   0.0401   0.6830   0.6601   0.0089   0.0000   0.0043  -0.1553    0.243
    22  10.0333   2.9917   1.3961   1.9772   0.0398   0.6863   0.6632   0.0086   0.0000   0.0045  -0.1559    0.243
    23  10.5000   2.8750   1.3417   1.9062   0.0395   0.6885   0.6654   0.0084   0.0000   0.0046  -0.1563    0.243
    24  10.9667   2.7583   1.2872   1.8313   0.0393   0.6895   0.6663   0.0082   0.0000   0.0046  -0.1565    0.243
    25  11.4333   2.6417   1.2328   1.7523   0.0391   0.6889   0.6657   0.0082   0.0000   0.0044  -0.1566    0.243
    26  11.9000   2.5250   1.1783   1.6691   0.0389   0.6864   0.6633   0.0086   0.0000   0.0036  -0.1568    0.245
    27  12.3667   2.4083   1.1239   1.5817   0.0387   0.6819   0.6590   0.0095   0.0000   0.0017  -0.1576    0.247
    28  12.8333   2.2917   1.0694   1.4905   0.0388   0.6751   0.6524   0.0114   0.0000  -0.0024  -0.1601    0.254
    29  13.3000   2.1750   1.0150   1.3966   0.0403   0.6660   0.6436   0.0160   0.0000  -0.0111  -0.1665    0.267
    30  13.7667   2.0583   0.9606   1.3026   0.0463   0.6552   0.6332   0.0275   0.0000  -0.0290  -0.1816    0.296

  Surface # 2     Wing (YDUP)                             
     # Chordwise = 10   # Spanwise = 30     First strip = 31
     Surface area =   52.500000       Ave. chord =    3.750000
     CLsurf  =   0.29931     Clsurf  =   0.06646
     CYsurf  =   0.00023     Cmsurf  =  -0.18900
     CDsurf  =   0.00725     Cnsurf  =   0.00513
     CDisurf =   0.00725     CDvsurf =   0.00000

  Forces referred to Ssurf, Cave about hinge axis thru LE
     CLsurf  =   0.59862     CDsurf  =   0.01449
     Deflect =

 Strip Forces referred to Strip Area, Chord
    j      Yle    Chord     Area     c cl      ai      cl_norm  cl       cd       cdv    cm_c/4    cm_LE  C.P.x/c
    31  -0.2333   5.4417   2.5394   2.7355   0.0486   0.5198   0.5024   0.0281   0.0000  -0.0095   0.1311    0.269
    32  -0.7000   5.3250   2.4850   2.7320   0.0485   0.5311   0.5133   0.0227   0.0000  -0.0066   0.1309    0.263
    33  -1.1667   5.2083   2.4306   2.7248   0.0484   0.5419   0.5237   0.0205   0.0000  -0.0044   0.1311    0.258
    34  -1.6333   5.0917   2.3761   2.7142   0.0481   0.5523   0.5338   0.0189   0.0000  -0.0026   0.1318    0.255
    35  -2.1000   4.9750   2.3217   2.7001   0.0478   0.5625   0.5436   0.0178   0.0000  -0.0012   0.1328    0.252
    36  -2.5667   4.8583   2.2672   2.6826   0.0475   0.5724   0.5532   0.0168   0.0000  -0.0002   0.1341    0.250
    37  -3.0333   4.7417   2.2128   2.6617   0.0471   0.5820   0.5625   0.0160   0.0000   0.0006   0.1355    0.249
    38  -3.5000   4.6250   2.1583   2.6376   0.0466   0.5914   0.5715   0.0153   0.0000   0.0013   0.1371    0.248
    39  -3.9667   4.5083   2.1039   2.6102   0.0461   0.6005   0.5803   0.0145   0.0000   0.0018   0.1387    0.247
    40  -4.4333   4.3917   2.0494   2.5797   0.0456   0.6093   0.5888   0.0140   0.0000   0.0022   0.1403    0.246
    41  -4.9000   4.2750   1.9950   2.5460   0.0450   0.6179   0.5971   0.0135   0.0000   0.0025   0.1420    0.246
    42  -5.3667   4.1583   1.9406   2.5094   0.0445   0.6261   0.6051   0.0129   0.0000   0.0028   0.1437    0.245
    43  -5.8333   4.0417   1.8861   2.4697   0.0439   0.6341   0.6128   0.0124   0.0000   0.0030   0.1453    0.245
    44  -6.3000   3.9250   1.8317   2.4270   0.0433   0.6417   0.6201   0.0119   0.0000   0.0032   0.1469    0.245
    45  -6.7667   3.8083   1.7772   2.3814   0.0428   0.6490   0.6272   0.0114   0.0000   0.0033   0.1484    0.245
    46  -7.2333   3.6917   1.7228   2.3329   0.0422   0.6559   0.6339   0.0110   0.0000   0.0035   0.1499    0.244
    47  -7.7000   3.5750   1.6683   2.2814   0.0417   0.6625   0.6402   0.0105   0.0000   0.0037   0.1512    0.244
    48  -8.1667   3.4583   1.6139   2.2269   0.0412   0.6685   0.6460   0.0101   0.0000   0.0038   0.1525    0.244
    49  -8.6333   3.3417   1.5594   2.1693   0.0408   0.6740   0.6513   0.0097   0.0000   0.0040   0.1536    0.244
    50  -9.1000   3.2250   1.5050   2.1086   0.0404   0.6789   0.6561   0.0093   0.0000   0.0041   0.1546    0.244
    51  -9.5667   3.1083   1.4506   2.0446   0.0401   0.6830   0.6601   0.0089   0.0000   0.0043   0.1553    0.243
    52 -10.0333   2.9917   1.3961   1.9772   0.0398   0.6863   0.6632   0.0086   0.0000   0.0045   0.1559    0.243
    53 -10.5000   2.8750   1.3417   1.9062   0.0395   0.6885   0.6654   0.0084   0.0000   0.0046   0.1563    0.243
    54 -10.9667   2.7583   1.2872   1.8313   0.0393   0.6895   0.6663   0.0081   0.0000   0.0046   0.1565    0.243
    55 -11.4333   2.6417   1.2328   1.7523   0.0391   0.6889   0.6657   0.0082   0.0000   0.0044   0.1566    0.243
    56 -11.9000   2.5250   1.1783   1.6691   0.0389   0.6864   0.6633   0.0086   0.0000   0.0036   0.1568    0.245
    57 -12.3667   2.4083   1.1239   1.5817   0.0387   0.6819   0.6590   0.0095   0.0000   0.0017   0.1576    0.247
    58 -12.8333   2.2917   1.0694   1.4905   0.0388   0.6751   0.6524   0.0114   0.0000  -0.0024   0.1601    0.254
    59 -13.3000   2.1750   1.0150   1.3966   0.0403   0.6660   0.6436   0.0160   0.0000  -0.0111   0.1665    0.267
    60 -13.7667   2.0583   0.9606   1.3026   0.0463   0.6553   0.6332   0.0273   0.0000  -0.0290   0.1816    0.296

  Surface # 3     Winglet                                 
     # Chordwise = 10   # Spanwise = 30     First strip = 61
     Surface area =    2.822400       Ave. chord =    1.120000
     CLsurf  =   0.00069     Clsurf  =  -0.00070
     CYsurf  =  -0.01382     Cmsurf  =  -0.00084
     CDsurf  =  -0.00113     Cnsurf  =   0.00170
     CDisurf =  -0.00113     CDvsurf =   0.00000

  Forces referred to Ssurf, Cave about hinge axis thru LE
     CLsurf  =   0.51412     CDsurf  =  -0.04195
     Deflect =

 Strip Forces referred to Strip Area, Chord
    j      Yle    Chord     Area     c cl      ai      cl_norm  cl       cd       cdv    cm_c/4    cm_LE  C.P.x/c
    61  14.0000   1.5840   0.1331   1.1784  -0.0273   0.9478   0.7440  -0.1306   0.0000   0.0315  -0.1615    0.208
    62  14.0000   1.5520   0.1304   1.0551  -0.0309   0.8661   0.6798  -0.0820   0.0000   0.0181  -0.1576    0.223
    63  14.0000   1.5200   0.1277   0.9904  -0.0330   0.8301   0.6516  -0.0637   0.0000   0.0143  -0.1538    0.228
    64  14.0000   1.4880   0.1250   0.9380  -0.0344   0.8031   0.6304  -0.0558   0.0000   0.0121  -0.1503    0.231
    65  14.0000   1.4560   0.1223   0.8916  -0.0354   0.7802   0.6124  -0.0501   0.0000   0.0106  -0.1470    0.233
    66  14.0000   1.4240   0.1196   0.8496  -0.0362   0.7601   0.5966  -0.0465   0.0000   0.0095  -0.1439    0.234
    67  14.0000   1.3920   0.1169   0.8109  -0.0369   0.7421   0.5825  -0.0441   0.0000   0.0087  -0.1411    0.235
    68  14.0000   1.3600   0.1142   0.7747  -0.0374   0.7257   0.5696  -0.0420   0.0000   0.0082  -0.1383    0.236
    69  14.0000   1.3280   0.1116   0.7405  -0.0378   0.7104   0.5576  -0.0399   0.0000   0.0078  -0.1356    0.236
    70  14.0000   1.2960   0.1089   0.7081  -0.0381   0.6960   0.5463  -0.0383   0.0000   0.0075  -0.1330    0.236
    71  14.0000   1.2640   0.1062   0.6771  -0.0383   0.6824   0.5357  -0.0371   0.0000   0.0073  -0.1305    0.236
    72  14.0000   1.2320   0.1035   0.6473  -0.0383   0.6694   0.5254  -0.0358   0.0000   0.0072  -0.1280    0.236
    73  14.0000   1.2000   0.1008   0.6186  -0.0383   0.6567   0.5155  -0.0345   0.0000   0.0072  -0.1255    0.236
    74  14.0000   1.1680   0.0981   0.5908  -0.0382   0.6444   0.5058  -0.0334   0.0000   0.0072  -0.1230    0.236
    75  14.0000   1.1360   0.0954   0.5638  -0.0380   0.6322   0.4963  -0.0325   0.0000   0.0074  -0.1205    0.235
    76  14.0000   1.1040   0.0927   0.5374  -0.0377   0.6201   0.4867  -0.0314   0.0000   0.0076  -0.1179    0.234
    77  14.0000   1.0720   0.0900   0.5115  -0.0373   0.6079   0.4772  -0.0308   0.0000   0.0079  -0.1152    0.233
    78  14.0000   1.0400   0.0874   0.4861  -0.0367   0.5954   0.4674  -0.0293   0.0000   0.0083  -0.1124    0.232
    79  14.0000   1.0080   0.0847   0.4609  -0.0361   0.5825   0.4573  -0.0287   0.0000   0.0088  -0.1094    0.231
    80  14.0000   0.9760   0.0820   0.4359  -0.0354   0.5690   0.4466  -0.0278   0.0000   0.0094  -0.1061    0.229
    81  14.0000   0.9440   0.0793   0.4109  -0.0345   0.5545   0.4352  -0.0270   0.0000   0.0101  -0.1026    0.227
    82  14.0000   0.9120   0.0766   0.3856  -0.0335   0.5387   0.4228  -0.0254   0.0000   0.0110  -0.0987    0.224
    83  14.0000   0.8800   0.0739   0.3600  -0.0324   0.5211   0.4091  -0.0248   0.0000   0.0121  -0.0943    0.221
    84  14.0000   0.8480   0.0712   0.3336  -0.0311   0.5012   0.3934  -0.0240   0.0000   0.0133  -0.0892    0.216
    85  14.0000   0.8160   0.0685   0.3061  -0.0296   0.4779   0.3752  -0.0231   0.0000   0.0147  -0.0834    0.211
    86  14.0000   0.7840   0.0659   0.2770  -0.0281   0.4501   0.3533  -0.0210   0.0000   0.0163  -0.0765    0.204
    87  14.0000   0.7520   0.0632   0.2453  -0.0263   0.4156   0.3262  -0.0203   0.0000   0.0179  -0.0682    0.195
    88  14.0000   0.7200   0.0605   0.2098  -0.0245   0.3712   0.2914  -0.0182   0.0000   0.0193  -0.0581    0.184
    89  14.0000   0.6880   0.0578   0.1677  -0.0225   0.3105   0.2437  -0.0149   0.0000   0.0197  -0.0455    0.169
    90  14.0000   0.6560   0.0551   0.1118  -0.0203   0.2171   0.1704  -0.0119   0.0000   0.0172  -0.0290    0.149

  Surface # 4     Winglet (YDUP)                          
     # Chordwise = 10   # Spanwise = 30     First strip = 91
     Surface area =    2.822400       Ave. chord =    1.120000
     CLsurf  =   0.00069     Clsurf  =   0.00070
     CYsurf  =   0.01382     Cmsurf  =  -0.00085
     CDsurf  =  -0.00113     Cnsurf  =  -0.00170
     CDisurf =  -0.00113     CDvsurf =   0.00000

  Forces referred to Ssurf, Cave about hinge axis thru LE
     CLsurf  =   0.51412     CDsurf  =  -0.04204
     Deflect =

 Strip Forces referred to Strip Area, Chord
    j      Yle    Chord     Area     c cl      ai      cl_norm  cl       cd       cdv    cm_c/4    cm_LE  C.P.x/c
    91 -14.0000   1.5840   0.1331   1.1784  -0.0273   0.9478   0.7440  -0.1305   0.0000   0.0315   0.1615    0.208
    92 -14.0000   1.5520   0.1304   1.0551  -0.0309   0.8661   0.6798  -0.0823   0.0000   0.0181   0.1576    0.223
    93 -14.0000   1.5200   0.1277   0.9904  -0.0330   0.8301   0.6516  -0.0638   0.0000   0.0143   0.1538    0.228
    94 -14.0000   1.4880   0.1250   0.9380  -0.0344   0.8031   0.6304  -0.0557   0.0000   0.0121   0.1503    0.231
    95 -14.0000   1.4560   0.1223   0.8916  -0.0354   0.7802   0.6124  -0.0504   0.0000   0.0106   0.1470    0.233
    96 -14.0000   1.4240   0.1196   0.8496  -0.0362   0.7601   0.5966  -0.0465   0.0000   0.0095   0.1439    0.234
    97 -14.0000   1.3920   0.1169   0.8109  -0.0369   0.7421   0.5825  -0.0440   0.0000   0.0087   0.1411    0.235
    98 -14.0000   1.3600   0.1142   0.7747  -0.0374   0.7257   0.5696  -0.0421   0.0000   0.0082   0.1383    0.236
    99 -14.0000   1.3280   0.1116   0.7405  -0.0378   0.7104   0.5576  -0.0400   0.0000   0.0078   0.1356    0.236
   100 -14.0000   1.2960   0.1089   0.7081  -0.0381   0.6960   0.5463  -0.0387   0.0000   0.0075   0.1330    0.236
   101 -14.0000   1.2640   0.1062   0.6771  -0.0382   0.6824   0.5357  -0.0372   0.0000   0.0073   0.1305    0.236
   102 -14.0000   1.2320   0.1035   0.6473  -0.0383   0.6694   0.5254  -0.0357   0.0000   0.0072   0.1280    0.236
   103 -14.0000   1.2000   0.1008   0.6186  -0.0383   0.6567   0.5155  -0.0343   0.0000   0.0072   0.1255    0.236
   104 -14.0000   1.1680   0.0981   0.5908  -0.0382   0.6444   0.5058  -0.0336   0.0000   0.0072   0.1230    0.236
   105 -14.0000   1.1360   0.0954   0.5638  -0.0380   0.6322   0.4963  -0.0324   0.0000   0.0074   0.1205    0.235
   106 -14.0000   1.1040   0.0927   0.5374  -0.0377   0.6201   0.4867  -0.0314   0.0000   0.0076   0.1179    0.234
   107 -14.0000   1.0720   0.0900   0.5115  -0.0373   0.6079   0.4772  -0.0308   0.0000   0.0079   0.1152    0.233
   108 -14.0000   1.0400   0.0874   0.4861  -0.0367   0.5954   0.4674  -0.0295   0.0000   0.0083   0.1124    0.232
   109 -14.0000   1.0080   0.0847   0.4609  -0.0361   0.5825   0.4573  -0.0292   0.0000   0.0088   0.1094    0.231
   110 -14.0000   0.9760   0.0820   0.4359  -0.0354   0.5690   0.4466  -0.0278   0.0000   0.0094   0.1061    0.229
   111 -14.0000   0.9440   0.0793   0.4109  -0.0345   0.5545   0.4352  -0.0270   0.0000   0.0101   0.1026    0.227
   112 -14.0000   0.9120   0.0766   0.3856  -0.0335   0.5387   0.4228  -0.0256   0.0000   0.0110   0.0987    0.224
   113 -14.0000   0.8800   0.0739   0.3600  -0.0324   0.5211   0.4091  -0.0248   0.0000   0.0121   0.0943    0.221
   114 -14.0000   0.8480   0.0712   0.3336  -0.0311   0.5012   0.3934  -0.0241   0.0000   0.0133   0.0892    0.216
   115 -14.0000   0.8160   0.0685   0.3061  -0.0296   0.4779   0.3752  -0.0231   0.0000   0.0147   0.0834    0.211
   116 -14.0000   0.7840   0.0659   0.2770  -0.0281   0.4501   0.3533  -0.0211   0.0000   0.0163   0.0765    0.204
   117 -14.0000   0.7520   0.0632   0.2453  -0.0263   0.4156   0.3262  -0.0205   0.0000   0.0179   0.0682    0.195
   118 -14.0000   0.7200   0.0605   0.2098  -0.0245   0.3712   0.2914  -0.0182   0.0000   0.0193   0.0581    0.184
   119 -14.0000   0.6880   0.0578   0.1677  -0.0225   0.3105   0.2437  -0.0158   0.0000   0.0197   0.0455    0.169
   120 -14.0000   0.6560   0.0551   0.1118  -0.0203   0.2171   0.1704  -0.0119   0.0000   0.0172   0.0290    0.149
 ---------------------------------------------------------------
