 ---------------------------------------------------------------
 Surface and Strip Forces by surface

  Forces referred to Sref, Cref, Bref about Xref, Yref, Zref
 Standard axis orientation,  X fwd, Z down         

  Surface # 1     Wing                                    
     # Chordwise = 10   # Spanwise = 30     First strip =  1
     Surface area =   52.500000       Ave. chord =    3.750000
     CLsurf  =   0.29962     Clsurf  =  -0.06555
     CYsurf  =  -0.00026     Cmsurf  =  -0.18725
     CDsurf  =   0.00736     Cnsurf  =  -0.00523
     CDisurf =   0.00736     CDvsurf =   0.00000

  Forces referred to Ssurf, Cave about hinge axis thru LE
     CLsurf  =   0.59924     CDsurf  =   0.01471
     Deflect =

 Strip Forces referred to Strip Area, Chord
    j      Yle    Chord     Area     c cl      ai      cl_norm  cl       cd       cdv    cm_c/4    cm_LE  C.P.x/c
     1   0.2333   5.4417   2.5394   2.7832   0.0504   0.5289   0.5111   0.0293   0.0000  -0.0095  -0.1332    0.269
     2   0.7000   5.3250   2.4850   2.7794   0.0503   0.5404   0.5222   0.0237   0.0000  -0.0066  -0.1330    0.263
     3   1.1667   5.2083   2.4306   2.7720   0.0501   0.5513   0.5327   0.0214   0.0000  -0.0042  -0.1332    0.258
     4   1.6333   5.0917   2.3761   2.7609   0.0499   0.5619   0.5430   0.0198   0.0000  -0.0024  -0.1339    0.254
     5   2.1000   4.9750   2.3217   2.7463   0.0496   0.5722   0.5529   0.0186   0.0000  -0.0010  -0.1349    0.252
     6   2.5667   4.8583   2.2672   2.7280   0.0493   0.5821   0.5626   0.0175   0.0000   0.0000  -0.1362    0.250
     7   3.0333   4.7417   2.2128   2.7063   0.0489   0.5918   0.5719   0.0167   0.0000   0.0009  -0.1376    0.248
     8   3.5000   4.6250   2.1583   2.6811   0.0484   0.6012   0.5810   0.0160   0.0000   0.0016  -0.1391    0.247
     9   3.9667   4.5083   2.1039   2.6525   0.0480   0.6103   0.5898   0.0151   0.0000   0.0021  -0.1407    0.246
    10   4.4333   4.3917   2.0494   2.6206   0.0475   0.6190   0.5982   0.0146   0.0000   0.0025  -0.1423    0.246
    11   4.9000   4.2750   1.9950   2.5853   0.0470   0.6275   0.6064   0.0141   0.0000   0.0029  -0.1439    0.245
    12   5.3667   4.1583   1.9406   2.5469   0.0465   0.6356   0.6142   0.0135   0.0000   0.0032  -0.1455    0.245
    13   5.8333   4.0417   1.8861   2.5051   0.0460   0.6433   0.6216   0.0130   0.0000   0.0034  -0.1470    0.244
    14   6.3000   3.9250   1.8317   2.4602   0.0455   0.6506   0.6287   0.0124   0.0000   0.0037  -0.1485    0.244
    15   6.7667   3.8083   1.7772   2.4119   0.0450   0.6574   0.6353   0.0120   0.0000   0.0039  -0.1498    0.244
    16   7.2333   3.6917   1.7228   2.3604   0.0446   0.6638   0.6414   0.0115   0.0000   0.0042  -0.1510    0.244
    17   7.7000   3.5750   1.6683   2.3055   0.0443   0.6695   0.6470   0.0110   0.0000   0.0044  -0.1521    0.243
    18   8.1667   3.4583   1.6139   2.2471   0.0440   0.6747   0.6520   0.0105   0.0000   0.0047  -0.1530    0.243
    19   8.6333   3.3417   1.5594   2.1850   0.0438   0.6790   0.6561   0.0101   0.0000   0.0050  -0.1537    0.242
    20   9.1000   3.2250   1.5050   2.1191   0.0437   0.6823   0.6594   0.0097   0.0000   0.0054  -0.1541    0.242
    21   9.5667   3.1083   1.4506   2.0489   0.0438   0.6846   0.6615   0.0092   0.0000   0.0059  -0.1542    0.241
    22  10.0333   2.9917   1.3961   1.9740   0.0441   0.6853   0.6623   0.0088   0.0000   0.0064  -0.1538    0.240
    23  10.5000   2.8750   1.3417   1.8939   0.0445   0.6842   0.6612   0.0085   0.0000   0.0071  -0.1529    0.239
    24  10.9667   2.7583   1.2872   1.8077   0.0452   0.6807   0.6578   0.0081   0.0000   0.0078  -0.1513    0.238
    25  11.4333   2.6417   1.2328   1.7145   0.0463   0.6741   0.6515   0.0078   0.0000   0.0087  -0.1490    0.237
    26  11.9000   2.5250   1.1783   1.6128   0.0477   0.6635   0.6412   0.0078   0.0000   0.0096  -0.1456    0.235
    27  12.3667   2.4083   1.1239   1.5012   0.0495   0.6474   0.6257   0.0080   0.0000   0.0103  -0.1412    0.234
    28  12.8333   2.2917   1.0694   1.3782   0.0521   0.6246   0.6036   0.0087   0.0000   0.0101  -0.1360    0.233
    29  13.3000   2.1750   1.0150   1.2446   0.0557   0.5939   0.5739   0.0115   0.0000   0.0072  -0.1318    0.237
    30  13.7667   2.0583   0.9606   1.1104   0.0614   0.5589   0.5401   0.0205   0.0000  -0.0037  -0.1345    0.257

  Surface # 2     Wing (YDUP)                             
     # Chordwise = 10   # Spanwise = 30     First strip = 31
     Surface area =   52.500000       Ave. chord =    3.750000
     CLsurf  =   0.29962     Clsurf  =   0.06555
     CYsurf  =   0.00025     Cmsurf  =  -0.18725
     CDsurf  =   0.00735     Cnsurf  =   0.00523
     CDisurf =   0.00735     CDvsurf =   0.00000

  Forces referred to Ssurf, Cave about hinge axis thru LE
     CLsurf  =   0.59924     CDsurf  =   0.01470
     Deflect =

 Strip Forces referred to Strip Area, Chord
    j      Yle    Chord     Area     c cl      ai      cl_norm  cl       cd       cdv    cm_c/4    cm_LE  C.P.x/c
    31  -0.2333   5.4417   2.5394   2.7832   0.0504   0.5289   0.5111   0.0293   0.0000  -0.0095   0.1332    0.269
    32  -0.7000   5.3250   2.4850   2.7794   0.0503   0.5404   0.5222   0.0237   0.0000  -0.0066   0.1330    0.263
    33  -1.1667   5.2083   2.4306   2.7720   0.0501   0.5513   0.5328   0.0214   0.0000  -0.0042   0.1332    0.258
    34  -1.6333   5.0917   2.3761   2.7609   0.0499   0.5619   0.5430   0.0197   0.0000  -0.0024   0.1339    0.254
    35  -2.1000   4.9750   2.3217   2.7463   0.0496   0.5722   0.5529   0.0186   0.0000  -0.0010   0.1349    0.252
    36  -2.5667   4.8583   2.2672   2.7280   0.0493   0.5821   0.5626   0.0175   0.0000   0.0000   0.1362    0.250
    37  -3.0333   4.7417   2.2128   2.7063   0.0489   0.5918   0.5719   0.0167   0.0000   0.0009   0.1376    0.248
    38  -3.5000   4.6250   2.1583   2.6811   0.0484   0.6012   0.5810   0.0160   0.0000   0.0016   0.1391    0.247
    39  -3.9667   4.5083   2.1039   2.6525   0.0480   0.6103   0.5898   0.0151   0.0000   0.0021   0.1407    0.246
    40  -4.4333   4.3917   2.0494   2.6206   0.0475   0.6190   0.5982   0.0146   0.0000   0.0025   0.1423    0.246
    41  -4.9000   4.2750   1.9950   2.5853   0.0470   0.6275   0.6064   0.0141   0.0000   0.0029   0.1439    0.245
    42  -5.3667   4.1583   1.9406   2.5469   0.0465   0.6356   0.6142   0.0135   0.0000   0.0032   0.1455    0.245
    43  -5.8333   4.0417   1.8861   2.5051   0.0460   0.6433   0.6216   0.0130   0.0000   0.0034   0.1470    0.244
    44  -6.3000   3.9250   1.8317   2.4602   0.0455   0.6506   0.6287   0.0124   0.0000   0.0037   0.1485    0.244
    45  -6.7667   3.8083   1.7772   2.4119   0.0450   0.6574   0.6353   0.0120   0.0000   0.0039   0.1498    0.244
    46  -7.2333   3.6917   1.7228   2.3604   0.0446   0.6638   0.6414   0.0115   0.0000   0.0042   0.1510    0.244
    47  -7.7000   3.5750   1.6683   2.3055   0.0443   0.6695   0.6470   0.0110   0.0000   0.0044   0.1521    0.243
    48  -8.1667   3.4583   1.6139   2.2471   0.0440   0.6747   0.6520   0.0105   0.0000   0.0047   0.1530    0.243
    49  -8.6333   3.3417   1.5594   2.1850   0.0438   0.6790   0.6561   0.0101   0.0000   0.0050   0.1537    0.242
    50  -9.1000   3.2250   1.5050   2.1191   0.0437   0.6823   0.6594   0.0097   0.0000   0.0054   0.1541    0.242
    51  -9.5667   3.1083   1.4506   2.0489   0.0438   0.6846   0.6615   0.0092   0.0000   0.0059   0.1542    0.241
    52 -10.0333   2.9917   1.3961   1.9740   0.0441   0.6853   0.6623   0.0088   0.0000   0.0064   0.1538    0.240
    53 -10.5000   2.8750   1.3417   1.8939   0.0445   0.6842   0.6612   0.0085   0.0000   0.0071   0.1529    0.239
    54 -10.9667   2.7583   1.2872   1.8077   0.0452   0.6807   0.6579   0.0080   0.0000   0.0078   0.1513    0.238
    55 -11.4333   2.6417   1.2328   1.7145   0.0463   0.6741   0.6515   0.0078   0.0000   0.0087   0.1490    0.237
    56 -11.9000   2.5250   1.1783   1.6128   0.0477   0.6635   0.6411   0.0078   0.0000   0.0096   0.1456    0.235
    57 -12.3667   2.4083   1.1239   1.5012   0.0495   0.6474   0.6257   0.0080   0.0000   0.0103   0.1412    0.234
    58 -12.8333   2.2917   1.0694   1.3782   0.0521   0.6246   0.6036   0.0087   0.0000   0.0101   0.1360    0.233
    59 -13.3000   2.1750   1.0150   1.2446   0.0557   0.5939   0.5740   0.0115   0.0000   0.0072   0.1318    0.237
    60 -13.7667   2.0583   0.9606   1.1104   0.0614   0.5589   0.5401   0.0203   0.0000  -0.0037   0.1345    0.257

  Surface # 3     Winglet                                 
     # Chordwise = 10   # Spanwise = 30     First strip = 61
     Surface area =    0.940800       Ave. chord =    1.120000
     CLsurf  =   0.00038     Clsurf  =  -0.00020
     CYsurf  =  -0.00479     Cmsurf  =  -0.00036
     CDsurf  =  -0.00065     Cnsurf  =   0.00040
     CDisurf =  -0.00065     CDvsurf =   0.00000

  Forces referred to Ssurf, Cave about hinge axis thru LE
     CLsurf  =   0.53414     CDsurf  =  -0.07205
     Deflect =

 Strip Forces referred to Strip Area, Chord
    j      Yle    Chord     Area     c cl      ai      cl_norm  cl       cd       cdv    cm_c/4    cm_LE  C.P.x/c
    61  14.0000   1.5840   0.0444   1.2518  -0.0065   0.8719   0.7903  -0.2378   0.0000   0.0442  -0.1596    0.194
    62  14.0000   1.5520   0.0435   1.0507  -0.0083   0.7469   0.6770  -0.1611   0.0000   0.0200  -0.1549    0.220
    63  14.0000   1.5200   0.0426   0.9761  -0.0107   0.7085   0.6422  -0.1225   0.0000   0.0133  -0.1524    0.229
    64  14.0000   1.4880   0.0417   0.9260  -0.0131   0.6866   0.6223  -0.1000   0.0000   0.0100  -0.1503    0.234
    65  14.0000   1.4560   0.0408   0.8855  -0.0152   0.6710   0.6082  -0.0904   0.0000   0.0080  -0.1486    0.237
    66  14.0000   1.4240   0.0399   0.8504  -0.0168   0.6589   0.5972  -0.0785   0.0000   0.0065  -0.1470    0.239
    67  14.0000   1.3920   0.0390   0.8183  -0.0181   0.6486   0.5879  -0.0707   0.0000   0.0054  -0.1456    0.241
    68  14.0000   1.3600   0.0381   0.7883  -0.0192   0.6395   0.5796  -0.0661   0.0000   0.0046  -0.1442    0.242
    69  14.0000   1.3280   0.0372   0.7596  -0.0202   0.6310   0.5720  -0.0636   0.0000   0.0039  -0.1429    0.243
    70  14.0000   1.2960   0.0363   0.7318  -0.0212   0.6230   0.5647  -0.0598   0.0000   0.0033  -0.1415    0.244
    71  14.0000   1.2640   0.0354   0.7048  -0.0222   0.6152   0.5576  -0.0568   0.0000   0.0028  -0.1401    0.245
    72  14.0000   1.2320   0.0345   0.6783  -0.0232   0.6074   0.5505  -0.0561   0.0000   0.0024  -0.1387    0.246
    73  14.0000   1.2000   0.0336   0.6522  -0.0241   0.5996   0.5435  -0.0547   0.0000   0.0021  -0.1371    0.246
    74  14.0000   1.1680   0.0327   0.6264  -0.0251   0.5917   0.5363  -0.0513   0.0000   0.0019  -0.1355    0.246
    75  14.0000   1.1360   0.0318   0.6009  -0.0260   0.5836   0.5289  -0.0504   0.0000   0.0019  -0.1337    0.247
    76  14.0000   1.1040   0.0309   0.5754  -0.0269   0.5750   0.5212  -0.0499   0.0000   0.0019  -0.1317    0.246
    77  14.0000   1.0720   0.0300   0.5499  -0.0278   0.5659   0.5130  -0.0472   0.0000   0.0019  -0.1295    0.246
    78  14.0000   1.0400   0.0291   0.5243  -0.0287   0.5562   0.5041  -0.0437   0.0000   0.0021  -0.1271    0.246
    79  14.0000   1.0080   0.0282   0.4985  -0.0295   0.5456   0.4945  -0.0474   0.0000   0.0024  -0.1244    0.245
    80  14.0000   0.9760   0.0273   0.4723  -0.0303   0.5339   0.4839  -0.0473   0.0000   0.0028  -0.1214    0.244
    81  14.0000   0.9440   0.0264   0.4457  -0.0311   0.5209   0.4721  -0.0455   0.0000   0.0032  -0.1180    0.243
    82  14.0000   0.9120   0.0255   0.4184  -0.0318   0.5062   0.4588  -0.0436   0.0000   0.0038  -0.1142    0.242
    83  14.0000   0.8800   0.0246   0.3904  -0.0325   0.4894   0.4436  -0.0406   0.0000   0.0044  -0.1097    0.240
    84  14.0000   0.8480   0.0237   0.3612  -0.0331   0.4700   0.4260  -0.0410   0.0000   0.0051  -0.1047    0.238
    85  14.0000   0.8160   0.0228   0.3306  -0.0337   0.4470   0.4052  -0.0390   0.0000   0.0058  -0.0987    0.236
    86  14.0000   0.7840   0.0220   0.2981  -0.0342   0.4195   0.3802  -0.0370   0.0000   0.0066  -0.0917    0.233
    87  14.0000   0.7520   0.0211   0.2629  -0.0345   0.3857   0.3496  -0.0331   0.0000   0.0072  -0.0833    0.229
    88  14.0000   0.7200   0.0202   0.2236  -0.0348   0.3426   0.3105  -0.0319   0.0000   0.0076  -0.0730    0.225
    89  14.0000   0.6880   0.0193   0.1775  -0.0348   0.2847   0.2580  -0.0300   0.0000   0.0075  -0.0596    0.221
    90  14.0000   0.6560   0.0184   0.1175  -0.0345   0.1977   0.1792  -0.0218   0.0000   0.0061  -0.0406    0.216

  Surface # 4     Winglet (YDUP)                          
     # Chordwise = 10   # Spanwise = 30     First strip = 91
     Surface area =    0.940800       Ave. chord =    1.120000
     CLsurf  =   0.00038     Clsurf  =   0.00020
     CYsurf  =   0.00479     Cmsurf  =  -0.00036
     CDsurf  =  -0.00065     Cnsurf  =  -0.00040
     CDisurf =  -0.00065     CDvsurf =   0.00000

  Forces referred to Ssurf, Cave about hinge axis thru LE
     CLsurf  =   0.53414     CDsurf  =  -0.07245
     Deflect =

 Strip Forces referred to Strip Area, Chord
    j      Yle    Chord     Area     c cl      ai      cl_norm  cl       cd       cdv    cm_c/4    cm_LE  C.P.x/c
    91 -14.0000   1.5840   0.0444   1.2518  -0.0065   0.8719   0.7903  -0.2389   0.0000   0.0442   0.1596    0.194
    92 -14.0000   1.5520   0.0435   1.0507  -0.0083   0.7469   0.6770  -0.1626   0.0000   0.0200   0.1549    0.220
    93 -14.0000   1.5200   0.0426   0.9761  -0.0107   0.7085   0.6422  -0.1225   0.0000   0.0133   0.1524    0.229
    94 -14.0000   1.4880   0.0417   0.9260  -0.0131   0.6866   0.6223  -0.1013   0.0000   0.0100   0.1503    0.234
    95 -14.0000   1.4560   0.0408   0.8855  -0.0152   0.6710   0.6082  -0.0904   0.0000   0.0080   0.1486    0.237
    96 -14.0000   1.4240   0.0399   0.8504  -0.0168   0.6589   0.5972  -0.0781   0.0000   0.0065   0.1470    0.239
    97 -14.0000   1.3920   0.0390   0.8183  -0.0180   0.6486   0.5879  -0.0712   0.0000   0.0054   0.1456    0.241
    98 -14.0000   1.3600   0.0381   0.7883  -0.0192   0.6395   0.5796  -0.0666   0.0000   0.0046   0.1442    0.242
    99 -14.0000   1.3280   0.0372   0.7596  -0.0202   0.6310   0.5720  -0.0634   0.0000   0.0039   0.1429    0.243
   100 -14.0000   1.2960   0.0363   0.7318  -0.0212   0.6230   0.5647  -0.0600   0.0000   0.0033   0.1415    0.244
   101 -14.0000   1.2640   0.0354   0.7048  -0.0222   0.6152   0.5576  -0.0572   0.0000   0.0028   0.1401    0.245
   102 -14.0000   1.2320   0.0345   0.6783  -0.0232   0.6074   0.5505  -0.0556   0.0000   0.0024   0.1387    0.246
   103 -14.0000   1.2000   0.0336   0.6522  -0.0241   0.5996   0.5435  -0.0547   0.0000   0.0021   0.1371    0.246
   104 -14.0000   1.1680   0.0327   0.6264  -0.0251   0.5917   0.5363  -0.0516   0.0000   0.0019   0.1355    0.246
   105 -14.0000   1.1360   0.0318   0.6009  -0.0260   0.5836   0.5289  -0.0505   0.0000   0.0019   0.1337    0.247
   106 -14.0000   1.1040   0.0309   0.5754  -0.0269   0.5750   0.5212  -0.0492   0.0000   0.0019   0.1317    0.246
   107 -14.0000   1.0720   0.0300   0.5499  -0.0278   0.5659   0.5130  -0.0473   0.0000   0.0019   0.1295    0.246
   108 -14.0000   1.0400   0.0291   0.5243  -0.0287   0.5562   0.5041  -0.0448   0.0000   0.0021   0.1271    0.246
   109 -14.0000   1.0080   0.0282   0.4985  -0.0295   0.5456   0.4945  -0.0474   0.0000   0.0024   0.1244    0.245
   110 -14.0000   0.9760   0.0273   0.4723  -0.0303   0.5339   0.4839  -0.0473   0.0000   0.0028   0.1214    0.244
   111 -14.0000   0.9440   0.0264   0.4457  -0.0311   0.5209   0.4721  -0.0452   0.0000   0.0032   0.1180    0.243
   112 -14.0000   0.9120   0.0255   0.4184  -0.0318   0.5062   0.4588  -0.0438   0.0000   0.0038   0.1142    0.242
   113 -14.0000   0.8800   0.0246   0.3904  -0.0325   0.4894   0.4436  -0.0431   0.0000   0.0044   0.1097    0.240
   114 -14.0000   0.8480   0.0237   0.3612  -0.0331   0.4700   0.4260  -0.0419   0.0000   0.0051   0.1047    0.238
   115 -14.0000   0.8160   0.0228   0.3306  -0.0337   0.4470   0.4052  -0.0393   0.0000   0.0058   0.0987    0.236
   116 -14.0000   0.7840   0.0220   0.2981  -0.0342   0.4195   0.3802  -0.0369   0.0000   0.0066   0.0917    0.233
   117 -14.0000   0.7520   0.0211   0.2629  -0.0345   0.3857   0.3496  -0.0340   0.0000   0.0072   0.0833    0.229
   118 -14.0000   0.7200   0.0202   0.2236  -0.0348   0.3426   0.3105  -0.0316   0.0000   0.0076   0.0730    0.225
   119 -14.0000   0.6880   0.0193   0.1775  -0.0348   0.2847   0.2580  -0.0309   0.0000   0.0075   0.0596    0.221
   120 -14.0000   0.6560   0.0184   0.1175  -0.0345   0.1977   0.1792  -0.0238   0.0000   0.0061   0.0406    0.216
 ---------------------------------------------------------------
