 ---------------------------------------------------------------
 Surface and Strip Forces by surface

  Forces referred to Sref, Cref, Bref about Xref, Yref, Zref
 Standard axis orientation,  X fwd, Z down         

  Surface # 1     Wing                                    
     # Chordwise = 10   # Spanwise = 30     First strip =  1
     Surface area =   52.500000       Ave. chord =    3.750000
     CLsurf  =   0.29468     Clsurf  =  -0.06529
     CYsurf  =  -0.00021     Cmsurf  =  -0.18574
     CDsurf  =   0.00689     Cnsurf  =  -0.00502
     CDisurf =   0.00689     CDvsurf =   0.00000

  Forces referred to Ssurf, Cave about hinge axis thru LE
     CLsurf  =   0.58936     CDsurf  =   0.01379
     Deflect =

 Strip Forces referred to Strip Area, Chord
    j      Yle    Chord     Area     c cl      ai      cl_norm  cl       cd       cdv    cm_c/4    cm_LE  C.P.x/c
     1   0.2333   5.4417   2.5394   2.6986   0.0477   0.5128   0.4956   0.0273   0.0000  -0.0094  -0.1294    0.269
     2   0.7000   5.3250   2.4850   2.6951   0.0476   0.5240   0.5063   0.0220   0.0000  -0.0066  -0.1291    0.263
     3   1.1667   5.2083   2.4306   2.6881   0.0474   0.5346   0.5166   0.0199   0.0000  -0.0043  -0.1294    0.258
     4   1.6333   5.0917   2.3761   2.6776   0.0472   0.5449   0.5265   0.0184   0.0000  -0.0026  -0.1301    0.255
     5   2.1000   4.9750   2.3217   2.6637   0.0469   0.5549   0.5362   0.0172   0.0000  -0.0012  -0.1311    0.252
     6   2.5667   4.8583   2.2672   2.6464   0.0465   0.5647   0.5457   0.0163   0.0000  -0.0002  -0.1323    0.250
     7   3.0333   4.7417   2.2128   2.6259   0.0461   0.5742   0.5549   0.0155   0.0000   0.0006  -0.1337    0.249
     8   3.5000   4.6250   2.1583   2.6021   0.0457   0.5834   0.5638   0.0148   0.0000   0.0012  -0.1353    0.248
     9   3.9667   4.5083   2.1039   2.5751   0.0452   0.5924   0.5725   0.0140   0.0000   0.0017  -0.1369    0.247
    10   4.4333   4.3917   2.0494   2.5451   0.0447   0.6011   0.5809   0.0135   0.0000   0.0021  -0.1385    0.246
    11   4.9000   4.2750   1.9950   2.5119   0.0441   0.6096   0.5891   0.0130   0.0000   0.0024  -0.1401    0.246
    12   5.3667   4.1583   1.9406   2.4758   0.0436   0.6177   0.5969   0.0124   0.0000   0.0027  -0.1418    0.245
    13   5.8333   4.0417   1.8861   2.4366   0.0430   0.6256   0.6045   0.0120   0.0000   0.0029  -0.1434    0.245
    14   6.3000   3.9250   1.8317   2.3946   0.0424   0.6331   0.6118   0.0115   0.0000   0.0031  -0.1449    0.245
    15   6.7667   3.8083   1.7772   2.3496   0.0419   0.6403   0.6188   0.0110   0.0000   0.0033  -0.1464    0.245
    16   7.2333   3.6917   1.7228   2.3017   0.0414   0.6471   0.6253   0.0106   0.0000   0.0035  -0.1479    0.244
    17   7.7000   3.5750   1.6683   2.2508   0.0409   0.6535   0.6315   0.0101   0.0000   0.0036  -0.1492    0.244
    18   8.1667   3.4583   1.6139   2.1969   0.0404   0.6594   0.6373   0.0097   0.0000   0.0038  -0.1504    0.244
    19   8.6333   3.3417   1.5594   2.1399   0.0400   0.6648   0.6425   0.0093   0.0000   0.0040  -0.1514    0.244
    20   9.1000   3.2250   1.5050   2.0797   0.0397   0.6695   0.6470   0.0089   0.0000   0.0042  -0.1523    0.243
    21   9.5667   3.1083   1.4506   2.0162   0.0394   0.6735   0.6508   0.0085   0.0000   0.0045  -0.1530    0.243
    22  10.0333   2.9917   1.3961   1.9490   0.0392   0.6765   0.6537   0.0081   0.0000   0.0047  -0.1534    0.243
    23  10.5000   2.8750   1.3417   1.8779   0.0391   0.6783   0.6555   0.0079   0.0000   0.0050  -0.1535    0.242
    24  10.9667   2.7583   1.2872   1.8025   0.0392   0.6786   0.6558   0.0075   0.0000   0.0053  -0.1533    0.242
    25  11.4333   2.6417   1.2328   1.7224   0.0393   0.6771   0.6543   0.0074   0.0000   0.0055  -0.1528    0.242
    26  11.9000   2.5250   1.1783   1.6370   0.0395   0.6733   0.6506   0.0076   0.0000   0.0054  -0.1520    0.242
    27  12.3667   2.4083   1.1239   1.5459   0.0399   0.6665   0.6441   0.0080   0.0000   0.0046  -0.1512    0.243
    28  12.8333   2.2917   1.0694   1.4489   0.0404   0.6564   0.6343   0.0093   0.0000   0.0023  -0.1511    0.246
    29  13.3000   2.1750   1.0150   1.3467   0.0415   0.6424   0.6208   0.0128   0.0000  -0.0039  -0.1539    0.256
    30  13.7667   2.0583   0.9606   1.2436   0.0448   0.6258   0.6048   0.0230   0.0000  -0.0195  -0.1655    0.282

  Surface # 2     Wing (YDUP)                             
     # Chordwise = 10   # Spanwise = 30     First strip = 31
     Surface area =   52.500000       Ave. chord =    3.750000
     CLsurf  =   0.29468     Clsurf  =   0.06529
     CYsurf  =   0.00020     Cmsurf  =  -0.18574
     CDsurf  =   0.00689     Cnsurf  =   0.00502
     CDisurf =   0.00689     CDvsurf =   0.00000

  Forces referred to Ssurf, Cave about hinge axis thru LE
     CLsurf  =   0.58936     CDsurf  =   0.01378
     Deflect =

 Strip Forces referred to Strip Area, Chord
    j      Yle    Chord     Area     c cl      ai      cl_norm  cl       cd       cdv    cm_c/4    cm_LE  C.P.x/c
    31  -0.2333   5.4417   2.5394   2.6986   0.0477   0.5128   0.4956   0.0273   0.0000  -0.0094   0.1294    0.269
    32  -0.7000   5.3250   2.4850   2.6951   0.0476   0.5240   0.5063   0.0220   0.0000  -0.0066   0.1291    0.263
    33  -1.1667   5.2083   2.4306   2.6881   0.0474   0.5346   0.5166   0.0199   0.0000  -0.0043   0.1294    0.258
    34  -1.6333   5.0917   2.3761   2.6776   0.0472   0.5449   0.5265   0.0183   0.0000  -0.0026   0.1301    0.255
    35  -2.1000   4.9750   2.3217   2.6637   0.0469   0.5549   0.5362   0.0172   0.0000  -0.0012   0.1311    0.252
    36  -2.5667   4.8583   2.2672   2.6464   0.0465   0.5647   0.5457   0.0163   0.0000  -0.0002   0.1323    0.250
    37  -3.0333   4.7417   2.2128   2.6259   0.0461   0.5742   0.5549   0.0155   0.0000   0.0006   0.1337    0.249
    38  -3.5000   4.6250   2.1583   2.6021   0.0457   0.5834   0.5638   0.0148   0.0000   0.0012   0.1353    0.248
    39  -3.9667   4.5083   2.1039   2.5751   0.0452   0.5924   0.5725   0.0140   0.0000   0.0017   0.1369    0.247
    40  -4.4333   4.3917   2.0494   2.5451   0.0447   0.6011   0.5809   0.0135   0.0000   0.0021   0.1385    0.246
    41  -4.9000   4.2750   1.9950   2.5119   0.0441   0.6096   0.5891   0.0130   0.0000   0.0024   0.1401    0.246
    42  -5.3667   4.1583   1.9406   2.4758   0.0436   0.6177   0.5969   0.0124   0.0000   0.0027   0.1418    0.245
    43  -5.8333   4.0417   1.8861   2.4366   0.0430   0.6256   0.6045   0.0120   0.0000   0.0029   0.1434    0.245
    44  -6.3000   3.9250   1.8317   2.3946   0.0424   0.6331   0.6118   0.0115   0.0000   0.0031   0.1449    0.245
    45  -6.7667   3.8083   1.7772   2.3496   0.0419   0.6403   0.6188   0.0110   0.0000   0.0033   0.1464    0.245
    46  -7.2333   3.6917   1.7228   2.3017   0.0414   0.6471   0.6253   0.0106   0.0000   0.0035   0.1479    0.244
    47  -7.7000   3.5750   1.6683   2.2508   0.0409   0.6535   0.6315   0.0101   0.0000   0.0036   0.1492    0.244
    48  -8.1667   3.4583   1.6139   2.1969   0.0404   0.6595   0.6373   0.0097   0.0000   0.0038   0.1504    0.244
    49  -8.6333   3.3417   1.5594   2.1399   0.0400   0.6648   0.6425   0.0093   0.0000   0.0040   0.1514    0.244
    50  -9.1000   3.2250   1.5050   2.0797   0.0397   0.6695   0.6470   0.0089   0.0000   0.0042   0.1523    0.243
    51  -9.5667   3.1083   1.4506   2.0162   0.0394   0.6735   0.6508   0.0085   0.0000   0.0045   0.1530    0.243
    52 -10.0333   2.9917   1.3961   1.9490   0.0392   0.6765   0.6537   0.0081   0.0000   0.0047   0.1534    0.243
    53 -10.5000   2.8750   1.3417   1.8779   0.0391   0.6783   0.6555   0.0079   0.0000   0.0050   0.1535    0.242
    54 -10.9667   2.7583   1.2872   1.8025   0.0392   0.6786   0.6558   0.0074   0.0000   0.0053   0.1533    0.242
    55 -11.4333   2.6417   1.2328   1.7224   0.0393   0.6771   0.6543   0.0074   0.0000   0.0055   0.1528    0.242
    56 -11.9000   2.5250   1.1783   1.6370   0.0395   0.6733   0.6506   0.0076   0.0000   0.0054   0.1520    0.242
    57 -12.3667   2.4083   1.1239   1.5459   0.0399   0.6665   0.6441   0.0080   0.0000   0.0046   0.1512    0.243
    58 -12.8333   2.2917   1.0694   1.4489   0.0404   0.6564   0.6343   0.0093   0.0000   0.0023   0.1511    0.246
    59 -13.3000   2.1750   1.0150   1.3467   0.0415   0.6424   0.6208   0.0128   0.0000  -0.0039   0.1539    0.256
    60 -13.7667   2.0583   0.9606   1.2436   0.0448   0.6259   0.6048   0.0228   0.0000  -0.0195   0.1655    0.282

  Surface # 3     Winglet                                 
     # Chordwise = 10   # Spanwise = 30     First strip = 61
     Surface area =    1.818198       Ave. chord =    1.120000
     CLsurf  =   0.00532     Clsurf  =  -0.00282
     CYsurf  =  -0.00936     Cmsurf  =  -0.00596
     CDsurf  =  -0.00082     Cnsurf  =   0.00083
     CDisurf =  -0.00082     CDvsurf =   0.00000

  Forces referred to Ssurf, Cave about hinge axis thru LE
     CLsurf  =   0.62111     CDsurf  =  -0.04743
     Deflect =

 Strip Forces referred to Strip Area, Chord
    j      Yle    Chord     Area     c cl      ai      cl_norm  cl       cd       cdv    cm_c/4    cm_LE  C.P.x/c
    61  14.0122   1.5840   0.0857   1.2171   0.0077   0.9479   0.7763  -0.1578   0.0000   0.0368  -0.1599    0.203
    62  14.0365   1.5520   0.0840   1.1110   0.0052   0.8803   0.7209  -0.0969   0.0000   0.0228  -0.1599    0.218
    63  14.0608   1.5200   0.0823   1.0640   0.0035   0.8595   0.7039  -0.0715   0.0000   0.0183  -0.1599    0.224
    64  14.0852   1.4880   0.0805   1.0318   0.0024   0.8509   0.6969  -0.0605   0.0000   0.0165  -0.1597    0.226
    65  14.1095   1.4560   0.0788   0.9974   0.0015   0.8402   0.6881  -0.0539   0.0000   0.0146  -0.1592    0.229
    66  14.1338   1.4240   0.0771   0.9662   0.0008   0.8320   0.6814  -0.0484   0.0000   0.0135  -0.1586    0.230
    67  14.1582   1.3920   0.0753   0.9341   0.0001   0.8226   0.6737  -0.0449   0.0000   0.0122  -0.1578    0.232
    68  14.1825   1.3600   0.0736   0.9050  -0.0004   0.8157   0.6680  -0.0423   0.0000   0.0115  -0.1571    0.233
    69  14.2068   1.3280   0.0719   0.8780  -0.0009   0.8103   0.6636  -0.0406   0.0000   0.0112  -0.1563    0.233
    70  14.2312   1.2960   0.0701   0.8504  -0.0013   0.8042   0.6586  -0.0388   0.0000   0.0109  -0.1553    0.233
    71  14.2555   1.2640   0.0684   0.8226  -0.0016   0.7976   0.6532  -0.0381   0.0000   0.0107  -0.1541    0.234
    72  14.2798   1.2320   0.0667   0.7953  -0.0018   0.7911   0.6479  -0.0370   0.0000   0.0106  -0.1529    0.234
    73  14.3042   1.2000   0.0649   0.7686  -0.0020   0.7849   0.6428  -0.0358   0.0000   0.0108  -0.1515    0.233
    74  14.3285   1.1680   0.0632   0.7431  -0.0021   0.7796   0.6385  -0.0353   0.0000   0.0113  -0.1500    0.232
    75  14.3528   1.1360   0.0615   0.7155  -0.0022   0.7717   0.6320  -0.0350   0.0000   0.0115  -0.1483    0.232
    76  14.3772   1.1040   0.0597   0.6899  -0.0022   0.7657   0.6270  -0.0338   0.0000   0.0123  -0.1463    0.230
    77  14.4015   1.0720   0.0580   0.6632  -0.0020   0.7580   0.6207  -0.0331   0.0000   0.0131  -0.1440    0.229
    78  14.4258   1.0400   0.0563   0.6370  -0.0019   0.7504   0.6146  -0.0328   0.0000   0.0141  -0.1416    0.227
    79  14.4502   1.0080   0.0545   0.6065  -0.0016   0.7373   0.6038  -0.0323   0.0000   0.0145  -0.1386    0.226
    80  14.4745   0.9760   0.0528   0.5784  -0.0012   0.7261   0.5946  -0.0325   0.0000   0.0158  -0.1352    0.223
    81  14.4988   0.9440   0.0511   0.5493  -0.0007   0.7131   0.5840  -0.0325   0.0000   0.0172  -0.1314    0.221
    82  14.5232   0.9120   0.0494   0.5177  -0.0001   0.6956   0.5697  -0.0316   0.0000   0.0183  -0.1269    0.218
    83  14.5475   0.8800   0.0476   0.4841   0.0006   0.6741   0.5520  -0.0317   0.0000   0.0194  -0.1217    0.215
    84  14.5718   0.8480   0.0459   0.4531   0.0014   0.6547   0.5362  -0.0309   0.0000   0.0217  -0.1156    0.209
    85  14.5962   0.8160   0.0442   0.4157   0.0023   0.6243   0.5113  -0.0308   0.0000   0.0229  -0.1085    0.205
    86  14.6205   0.7840   0.0424   0.3767   0.0034   0.5889   0.4823  -0.0308   0.0000   0.0245  -0.0999    0.199
    87  14.6448   0.7520   0.0407   0.3337   0.0047   0.5440   0.4455  -0.0291   0.0000   0.0258  -0.0896    0.192
    88  14.6692   0.7200   0.0390   0.2885   0.0061   0.4911   0.4022  -0.0266   0.0000   0.0276  -0.0771    0.181
    89  14.6935   0.6880   0.0372   0.2305   0.0077   0.4109   0.3365  -0.0245   0.0000   0.0267  -0.0614    0.171
    90  14.7178   0.6560   0.0355   0.1530   0.0096   0.2861   0.2343  -0.0203   0.0000   0.0216  -0.0402    0.158

  Surface # 4     Winglet (YDUP)                          
     # Chordwise = 10   # Spanwise = 30     First strip = 91
     Surface area =    1.818198       Ave. chord =    1.120000
     CLsurf  =   0.00532     Clsurf  =   0.00282
     CYsurf  =   0.00936     Cmsurf  =  -0.00596
     CDsurf  =  -0.00082     Cnsurf  =  -0.00083
     CDisurf =  -0.00082     CDvsurf =   0.00000

  Forces referred to Ssurf, Cave about hinge axis thru LE
     CLsurf  =   0.62099     CDsurf  =  -0.04753
     Deflect =

 Strip Forces referred to Strip Area, Chord
    j      Yle    Chord     Area     c cl      ai      cl_norm  cl       cd       cdv    cm_c/4    cm_LE  C.P.x/c
    91 -14.0122   1.5840   0.0857   1.2167   0.0077   0.9476   0.7761  -0.1583   0.0000   0.0368   0.1599    0.203
    92 -14.0365   1.5520   0.0840   1.1116   0.0052   0.8808   0.7214  -0.0976   0.0000   0.0229   0.1599    0.218
    93 -14.0608   1.5200   0.0823   1.0641   0.0035   0.8596   0.7040  -0.0716   0.0000   0.0183   0.1599    0.224
    94 -14.0852   1.4880   0.0805   1.0319   0.0024   0.8510   0.6969  -0.0606   0.0000   0.0166   0.1597    0.226
    95 -14.1095   1.4560   0.0788   0.9984   0.0015   0.8411   0.6888  -0.0541   0.0000   0.0148   0.1592    0.229
    96 -14.1338   1.4240   0.0771   0.9645   0.0008   0.8305   0.6802  -0.0485   0.0000   0.0132   0.1586    0.231
    97 -14.1582   1.3920   0.0753   0.9346   0.0001   0.8231   0.6741  -0.0443   0.0000   0.0123   0.1578    0.232
    98 -14.1825   1.3600   0.0736   0.9046  -0.0004   0.8153   0.6677  -0.0423   0.0000   0.0114   0.1571    0.233
    99 -14.2068   1.3280   0.0719   0.8772  -0.0009   0.8096   0.6630  -0.0408   0.0000   0.0110   0.1563    0.233
   100 -14.2312   1.2960   0.0701   0.8510  -0.0013   0.8047   0.6590  -0.0386   0.0000   0.0110   0.1553    0.233
   101 -14.2555   1.2640   0.0684   0.8225  -0.0016   0.7974   0.6530  -0.0382   0.0000   0.0107   0.1541    0.234
   102 -14.2798   1.2320   0.0667   0.7959  -0.0018   0.7916   0.6482  -0.0364   0.0000   0.0107   0.1530    0.234
   103 -14.3042   1.2000   0.0649   0.7678  -0.0020   0.7840   0.6421  -0.0361   0.0000   0.0106   0.1515    0.233
   104 -14.3285   1.1680   0.0632   0.7434  -0.0021   0.7799   0.6387  -0.0354   0.0000   0.0113   0.1500    0.232
   105 -14.3528   1.1360   0.0615   0.7157  -0.0022   0.7720   0.6322  -0.0349   0.0000   0.0115   0.1483    0.232
   106 -14.3772   1.1040   0.0597   0.6884  -0.0022   0.7640   0.6257  -0.0343   0.0000   0.0120   0.1463    0.231
   107 -14.4015   1.0720   0.0580   0.6634  -0.0020   0.7582   0.6209  -0.0331   0.0000   0.0131   0.1441    0.229
   108 -14.4258   1.0400   0.0563   0.6369  -0.0019   0.7503   0.6145  -0.0324   0.0000   0.0141   0.1416    0.227
   109 -14.4502   1.0080   0.0545   0.6070  -0.0016   0.7378   0.6042  -0.0324   0.0000   0.0146   0.1387    0.226
   110 -14.4745   0.9760   0.0528   0.5761  -0.0012   0.7233   0.5924  -0.0332   0.0000   0.0154   0.1352    0.224
   111 -14.4988   0.9440   0.0511   0.5483  -0.0007   0.7117   0.5828  -0.0330   0.0000   0.0169   0.1314    0.221
   112 -14.5232   0.9120   0.0494   0.5163  -0.0001   0.6937   0.5681  -0.0325   0.0000   0.0180   0.1268    0.218
   113 -14.5475   0.8800   0.0476   0.4843   0.0006   0.6744   0.5523  -0.0315   0.0000   0.0194   0.1217    0.215
   114 -14.5718   0.8480   0.0459   0.4506   0.0014   0.6513   0.5334  -0.0323   0.0000   0.0211   0.1155    0.210
   115 -14.5962   0.8160   0.0442   0.4156   0.0023   0.6243   0.5112  -0.0309   0.0000   0.0229   0.1085    0.205
   116 -14.6205   0.7840   0.0424   0.3782   0.0034   0.5912   0.4842  -0.0301   0.0000   0.0250   0.0999    0.198
   117 -14.6448   0.7520   0.0407   0.3346   0.0047   0.5454   0.4467  -0.0285   0.0000   0.0261   0.0896    0.192
   118 -14.6692   0.7200   0.0390   0.2877   0.0061   0.4900   0.4012  -0.0272   0.0000   0.0274   0.0771    0.182
   119 -14.6935   0.6880   0.0372   0.2315   0.0077   0.4127   0.3379  -0.0240   0.0000   0.0271   0.0614    0.170
   120 -14.7178   0.6560   0.0355   0.1541   0.0096   0.2883   0.2361  -0.0195   0.0000   0.0220   0.0403    0.157
 ---------------------------------------------------------------
