 ---------------------------------------------------------------
 Surface and Strip Forces by surface

  Forces referred to Sref, Cref, Bref about Xref, Yref, Zref
 Standard axis orientation,  X fwd, Z down         

  Surface # 1     Wing                                    
     # Chordwise = 10   # Spanwise = 30     First strip =  1
     Surface area =   52.500000       Ave. chord =    3.750000
     CLsurf  =   0.29928     Clsurf  =  -0.06650
     CYsurf  =  -0.00023     Cmsurf  =  -0.18909
     CDsurf  =   0.00724     Cnsurf  =  -0.00512
     CDisurf =   0.00724     CDvsurf =   0.00000

  Forces referred to Ssurf, Cave about hinge axis thru LE
     CLsurf  =   0.59856     CDsurf  =   0.01448
     Deflect =

 Strip Forces referred to Strip Area, Chord
    j      Yle    Chord     Area     c cl      ai      cl_norm  cl       cd       cdv    cm_c/4    cm_LE  C.P.x/c
     1   0.2333   5.4417   2.5394   2.7327   0.0485   0.5193   0.5018   0.0280   0.0000  -0.0095  -0.1310    0.269
     2   0.7000   5.3250   2.4850   2.7291   0.0484   0.5306   0.5127   0.0227   0.0000  -0.0067  -0.1308    0.263
     3   1.1667   5.2083   2.4306   2.7220   0.0482   0.5413   0.5231   0.0205   0.0000  -0.0044  -0.1310    0.258
     4   1.6333   5.0917   2.3761   2.7114   0.0480   0.5518   0.5332   0.0189   0.0000  -0.0026  -0.1317    0.255
     5   2.1000   4.9750   2.3217   2.6973   0.0477   0.5619   0.5430   0.0177   0.0000  -0.0013  -0.1327    0.252
     6   2.5667   4.8583   2.2672   2.6799   0.0473   0.5718   0.5526   0.0167   0.0000  -0.0002  -0.1340    0.250
     7   3.0333   4.7417   2.2128   2.6591   0.0469   0.5815   0.5619   0.0160   0.0000   0.0006  -0.1354    0.249
     8   3.5000   4.6250   2.1583   2.6350   0.0464   0.5908   0.5710   0.0152   0.0000   0.0013  -0.1370    0.248
     9   3.9667   4.5083   2.1039   2.6078   0.0459   0.6000   0.5798   0.0144   0.0000   0.0018  -0.1386    0.247
    10   4.4333   4.3917   2.0494   2.5773   0.0454   0.6088   0.5883   0.0140   0.0000   0.0022  -0.1402    0.246
    11   4.9000   4.2750   1.9950   2.5438   0.0449   0.6173   0.5966   0.0134   0.0000   0.0025  -0.1419    0.246
    12   5.3667   4.1583   1.9406   2.5073   0.0443   0.6256   0.6046   0.0128   0.0000   0.0027  -0.1436    0.245
    13   5.8333   4.0417   1.8861   2.4678   0.0437   0.6336   0.6123   0.0124   0.0000   0.0029  -0.1452    0.245
    14   6.3000   3.9250   1.8317   2.4253   0.0431   0.6413   0.6197   0.0118   0.0000   0.0031  -0.1468    0.245
    15   6.7667   3.8083   1.7772   2.3799   0.0426   0.6486   0.6268   0.0114   0.0000   0.0033  -0.1484    0.245
    16   7.2333   3.6917   1.7228   2.3316   0.0420   0.6556   0.6335   0.0110   0.0000   0.0034  -0.1498    0.245
    17   7.7000   3.5750   1.6683   2.2803   0.0415   0.6621   0.6399   0.0105   0.0000   0.0036  -0.1512    0.244
    18   8.1667   3.4583   1.6139   2.2261   0.0410   0.6683   0.6458   0.0101   0.0000   0.0037  -0.1525    0.244
    19   8.6333   3.3417   1.5594   2.1689   0.0405   0.6739   0.6512   0.0097   0.0000   0.0039  -0.1536    0.244
    20   9.1000   3.2250   1.5050   2.1086   0.0401   0.6789   0.6560   0.0093   0.0000   0.0040  -0.1547    0.244
    21   9.5667   3.1083   1.4506   2.0450   0.0397   0.6832   0.6602   0.0089   0.0000   0.0042  -0.1555    0.244
    22  10.0333   2.9917   1.3961   1.9781   0.0393   0.6866   0.6635   0.0086   0.0000   0.0043  -0.1562    0.243
    23  10.5000   2.8750   1.3417   1.9076   0.0390   0.6890   0.6659   0.0084   0.0000   0.0044  -0.1566    0.243
    24  10.9667   2.7583   1.2872   1.8333   0.0387   0.6902   0.6670   0.0082   0.0000   0.0044  -0.1570    0.243
    25  11.4333   2.6417   1.2328   1.7551   0.0384   0.6899   0.6667   0.0083   0.0000   0.0041  -0.1572    0.244
    26  11.9000   2.5250   1.1783   1.6726   0.0380   0.6879   0.6647   0.0087   0.0000   0.0032  -0.1576    0.245
    27  12.3667   2.4083   1.1239   1.5861   0.0376   0.6838   0.6608   0.0096   0.0000   0.0012  -0.1586    0.248
    28  12.8333   2.2917   1.0694   1.4957   0.0376   0.6775   0.6547   0.0115   0.0000  -0.0031  -0.1613    0.255
    29  13.3000   2.1750   1.0150   1.4025   0.0390   0.6688   0.6463   0.0161   0.0000  -0.0119  -0.1680    0.268
    30  13.7667   2.0583   0.9606   1.3091   0.0451   0.6585   0.6364   0.0277   0.0000  -0.0301  -0.1834    0.297

  Surface # 2     Wing (YDUP)                             
     # Chordwise = 10   # Spanwise = 30     First strip = 31
     Surface area =   52.500000       Ave. chord =    3.750000
     CLsurf  =   0.29928     Clsurf  =   0.06650
     CYsurf  =   0.00023     Cmsurf  =  -0.18909
     CDsurf  =   0.00724     Cnsurf  =   0.00512
     CDisurf =   0.00724     CDvsurf =   0.00000

  Forces referred to Ssurf, Cave about hinge axis thru LE
     CLsurf  =   0.59856     CDsurf  =   0.01447
     Deflect =

 Strip Forces referred to Strip Area, Chord
    j      Yle    Chord     Area     c cl      ai      cl_norm  cl       cd       cdv    cm_c/4    cm_LE  C.P.x/c
    31  -0.2333   5.4417   2.5394   2.7327   0.0485   0.5193   0.5018   0.0280   0.0000  -0.0095   0.1310    0.269
    32  -0.7000   5.3250   2.4850   2.7291   0.0484   0.5306   0.5127   0.0226   0.0000  -0.0067   0.1308    0.263
    33  -1.1667   5.2083   2.4306   2.7220   0.0482   0.5413   0.5231   0.0204   0.0000  -0.0044   0.1310    0.258
    34  -1.6333   5.0917   2.3761   2.7114   0.0480   0.5518   0.5332   0.0189   0.0000  -0.0026   0.1317    0.255
    35  -2.1000   4.9750   2.3217   2.6973   0.0477   0.5619   0.5430   0.0177   0.0000  -0.0013   0.1327    0.252
    36  -2.5667   4.8583   2.2672   2.6799   0.0473   0.5718   0.5526   0.0167   0.0000  -0.0002   0.1340    0.250
    37  -3.0333   4.7417   2.2128   2.6591   0.0469   0.5815   0.5619   0.0160   0.0000   0.0006   0.1354    0.249
    38  -3.5000   4.6250   2.1583   2.6350   0.0464   0.5908   0.5710   0.0152   0.0000   0.0013   0.1370    0.248
    39  -3.9667   4.5083   2.1039   2.6078   0.0459   0.6000   0.5798   0.0144   0.0000   0.0018   0.1386    0.247
    40  -4.4333   4.3917   2.0494   2.5773   0.0454   0.6088   0.5883   0.0140   0.0000   0.0022   0.1402    0.246
    41  -4.9000   4.2750   1.9950   2.5438   0.0449   0.6173   0.5966   0.0134   0.0000   0.0025   0.1419    0.246
    42  -5.3667   4.1583   1.9406   2.5073   0.0443   0.6256   0.6046   0.0128   0.0000   0.0027   0.1436    0.245
    43  -5.8333   4.0417   1.8861   2.4678   0.0437   0.6336   0.6123   0.0124   0.0000   0.0029   0.1452    0.245
    44  -6.3000   3.9250   1.8317   2.4253   0.0431   0.6413   0.6197   0.0118   0.0000   0.0031   0.1468    0.245
    45  -6.7667   3.8083   1.7772   2.3799   0.0426   0.6486   0.6268   0.0114   0.0000   0.0033   0.1484    0.245
    46  -7.2333   3.6917   1.7228   2.3316   0.0420   0.6556   0.6335   0.0110   0.0000   0.0034   0.1498    0.245
    47  -7.7000   3.5750   1.6683   2.2803   0.0415   0.6621   0.6399   0.0105   0.0000   0.0036   0.1512    0.244
    48  -8.1667   3.4583   1.6139   2.2261   0.0410   0.6683   0.6458   0.0101   0.0000   0.0037   0.1525    0.244
    49  -8.6333   3.3417   1.5594   2.1689   0.0405   0.6739   0.6512   0.0097   0.0000   0.0039   0.1536    0.244
    50  -9.1000   3.2250   1.5050   2.1086   0.0401   0.6789   0.6560   0.0093   0.0000   0.0040   0.1547    0.244
    51  -9.5667   3.1083   1.4506   2.0450   0.0397   0.6832   0.6602   0.0089   0.0000   0.0042   0.1555    0.244
    52 -10.0333   2.9917   1.3961   1.9781   0.0393   0.6866   0.6635   0.0086   0.0000   0.0043   0.1562    0.243
    53 -10.5000   2.8750   1.3417   1.9076   0.0390   0.6890   0.6659   0.0084   0.0000   0.0044   0.1566    0.243
    54 -10.9667   2.7583   1.2872   1.8333   0.0387   0.6902   0.6670   0.0081   0.0000   0.0044   0.1570    0.243
    55 -11.4333   2.6417   1.2328   1.7551   0.0384   0.6900   0.6667   0.0082   0.0000   0.0041   0.1572    0.244
    56 -11.9000   2.5250   1.1783   1.6726   0.0380   0.6879   0.6647   0.0087   0.0000   0.0032   0.1576    0.245
    57 -12.3667   2.4083   1.1239   1.5861   0.0376   0.6838   0.6608   0.0095   0.0000   0.0012   0.1586    0.248
    58 -12.8333   2.2917   1.0694   1.4957   0.0376   0.6775   0.6547   0.0115   0.0000  -0.0031   0.1613    0.255
    59 -13.3000   2.1750   1.0150   1.4025   0.0390   0.6688   0.6463   0.0161   0.0000  -0.0119   0.1680    0.268
    60 -13.7667   2.0583   0.9606   1.3091   0.0451   0.6585   0.6364   0.0275   0.0000  -0.0301   0.1834    0.297

  Surface # 3     Winglet                                 
     # Chordwise = 10   # Spanwise = 30     First strip = 61
     Surface area =    3.136000       Ave. chord =    1.120000
     CLsurf  =   0.00072     Clsurf  =  -0.00080
     CYsurf  =  -0.01503     Cmsurf  =  -0.00091
     CDsurf  =  -0.00118     Cnsurf  =   0.00190
     CDisurf =  -0.00118     CDvsurf =   0.00000

  Forces referred to Ssurf, Cave about hinge axis thru LE
     CLsurf  =   0.50310     CDsurf  =  -0.03947
     Deflect =

 Strip Forces referred to Strip Area, Chord
    j      Yle    Chord     Area     c cl      ai      cl_norm  cl       cd       cdv    cm_c/4    cm_LE  C.P.x/c
    61  14.0000   1.5840   0.1478   1.1661  -0.0296   0.9458   0.7361  -0.1220   0.0000   0.0303  -0.1607    0.209
    62  14.0000   1.5520   0.1449   1.0464  -0.0331   0.8662   0.6742  -0.0759   0.0000   0.0180  -0.1563    0.223
    63  14.0000   1.5200   0.1419   0.9808  -0.0351   0.8290   0.6452  -0.0603   0.0000   0.0144  -0.1520    0.228
    64  14.0000   1.4880   0.1389   0.9267  -0.0364   0.8002   0.6228  -0.0524   0.0000   0.0123  -0.1481    0.230
    65  14.0000   1.4560   0.1359   0.8790  -0.0374   0.7757   0.6037  -0.0484   0.0000   0.0109  -0.1445    0.232
    66  14.0000   1.4240   0.1329   0.8360  -0.0381   0.7543   0.5871  -0.0445   0.0000   0.0099  -0.1412    0.233
    67  14.0000   1.3920   0.1299   0.7964  -0.0387   0.7351   0.5721  -0.0418   0.0000   0.0092  -0.1380    0.234
    68  14.0000   1.3600   0.1269   0.7595  -0.0391   0.7176   0.5585  -0.0399   0.0000   0.0087  -0.1350    0.234
    69  14.0000   1.3280   0.1239   0.7249  -0.0394   0.7013   0.5458  -0.0381   0.0000   0.0083  -0.1322    0.235
    70  14.0000   1.2960   0.1210   0.6920  -0.0395   0.6861   0.5340  -0.0365   0.0000   0.0080  -0.1294    0.235
    71  14.0000   1.2640   0.1180   0.6608  -0.0396   0.6717   0.5228  -0.0350   0.0000   0.0078  -0.1268    0.235
    72  14.0000   1.2320   0.1150   0.6309  -0.0396   0.6579   0.5121  -0.0340   0.0000   0.0076  -0.1242    0.235
    73  14.0000   1.2000   0.1120   0.6022  -0.0395   0.6447   0.5018  -0.0329   0.0000   0.0076  -0.1216    0.235
    74  14.0000   1.1680   0.1090   0.5744  -0.0392   0.6319   0.4918  -0.0317   0.0000   0.0076  -0.1191    0.235
    75  14.0000   1.1360   0.1060   0.5476  -0.0389   0.6193   0.4820  -0.0305   0.0000   0.0077  -0.1165    0.234
    76  14.0000   1.1040   0.1030   0.5215  -0.0385   0.6069   0.4724  -0.0296   0.0000   0.0078  -0.1140    0.233
    77  14.0000   1.0720   0.1001   0.4960  -0.0380   0.5945   0.4627  -0.0287   0.0000   0.0081  -0.1113    0.233
    78  14.0000   1.0400   0.0971   0.4710  -0.0374   0.5819   0.4529  -0.0279   0.0000   0.0084  -0.1086    0.232
    79  14.0000   1.0080   0.0941   0.4464  -0.0367   0.5690   0.4429  -0.0267   0.0000   0.0088  -0.1057    0.230
    80  14.0000   0.9760   0.0911   0.4220  -0.0358   0.5556   0.4324  -0.0260   0.0000   0.0093  -0.1026    0.229
    81  14.0000   0.9440   0.0881   0.3977  -0.0348   0.5413   0.4213  -0.0254   0.0000   0.0099  -0.0992    0.226
    82  14.0000   0.9120   0.0851   0.3733  -0.0337   0.5259   0.4094  -0.0239   0.0000   0.0107  -0.0955    0.224
    83  14.0000   0.8800   0.0821   0.3486  -0.0324   0.5089   0.3961  -0.0231   0.0000   0.0116  -0.0913    0.221
    84  14.0000   0.8480   0.0791   0.3232  -0.0310   0.4897   0.3811  -0.0224   0.0000   0.0128  -0.0865    0.216
    85  14.0000   0.8160   0.0762   0.2968  -0.0294   0.4673   0.3637  -0.0207   0.0000   0.0141  -0.0809    0.211
    86  14.0000   0.7840   0.0732   0.2688  -0.0276   0.4405   0.3428  -0.0195   0.0000   0.0157  -0.0743    0.204
    87  14.0000   0.7520   0.0702   0.2384  -0.0257   0.4072   0.3170  -0.0184   0.0000   0.0173  -0.0663    0.195
    88  14.0000   0.7200   0.0672   0.2041  -0.0236   0.3643   0.2835  -0.0162   0.0000   0.0188  -0.0564    0.184
    89  14.0000   0.6880   0.0642   0.1634  -0.0215   0.3051   0.2375  -0.0144   0.0000   0.0195  -0.0441    0.168
    90  14.0000   0.6560   0.0612   0.1091  -0.0192   0.2137   0.1664  -0.0100   0.0000   0.0173  -0.0278    0.146

  Surface # 4     Winglet (YDUP)                          
     # Chordwise = 10   # Spanwise = 30     First strip = 91
     Surface area =    3.136000       Ave. chord =    1.120000
     CLsurf  =   0.00072     Clsurf  =   0.00080
     CYsurf  =   0.01503     Cmsurf  =  -0.00092
     CDsurf  =  -0.00118     Cnsurf  =  -0.00190
     CDisurf =  -0.00118     CDvsurf =   0.00000

  Forces referred to Ssurf, Cave about hinge axis thru LE
     CLsurf  =   0.50310     CDsurf  =  -0.03949
     Deflect =

 Strip Forces referred to Strip Area, Chord
    j      Yle    Chord     Area     c cl      ai      cl_norm  cl       cd       cdv    cm_c/4    cm_LE  C.P.x/c
    91 -14.0000   1.5840   0.1478   1.1661  -0.0296   0.9458   0.7361  -0.1220   0.0000   0.0303   0.1607    0.209
    92 -14.0000   1.5520   0.1449   1.0464  -0.0331   0.8662   0.6742  -0.0760   0.0000   0.0180   0.1563    0.223
    93 -14.0000   1.5200   0.1419   0.9808  -0.0351   0.8290   0.6452  -0.0603   0.0000   0.0144   0.1520    0.228
    94 -14.0000   1.4880   0.1389   0.9267  -0.0364   0.8002   0.6228  -0.0526   0.0000   0.0123   0.1481    0.230
    95 -14.0000   1.4560   0.1359   0.8790  -0.0374   0.7757   0.6037  -0.0484   0.0000   0.0109   0.1445    0.232
    96 -14.0000   1.4240   0.1329   0.8360  -0.0381   0.7543   0.5871  -0.0445   0.0000   0.0099   0.1412    0.233
    97 -14.0000   1.3920   0.1299   0.7964  -0.0387   0.7351   0.5721  -0.0417   0.0000   0.0092   0.1380    0.234
    98 -14.0000   1.3600   0.1269   0.7595  -0.0391   0.7176   0.5585  -0.0399   0.0000   0.0087   0.1350    0.234
    99 -14.0000   1.3280   0.1239   0.7249  -0.0394   0.7013   0.5458  -0.0381   0.0000   0.0083   0.1322    0.235
   100 -14.0000   1.2960   0.1210   0.6920  -0.0395   0.6861   0.5340  -0.0367   0.0000   0.0080   0.1294    0.235
   101 -14.0000   1.2640   0.1180   0.6608  -0.0396   0.6717   0.5228  -0.0350   0.0000   0.0078   0.1268    0.235
   102 -14.0000   1.2320   0.1150   0.6309  -0.0396   0.6579   0.5121  -0.0340   0.0000   0.0076   0.1242    0.235
   103 -14.0000   1.2000   0.1120   0.6022  -0.0395   0.6447   0.5018  -0.0328   0.0000   0.0076   0.1216    0.235
   104 -14.0000   1.1680   0.1090   0.5744  -0.0392   0.6319   0.4918  -0.0316   0.0000   0.0076   0.1191    0.235
   105 -14.0000   1.1360   0.1060   0.5476  -0.0389   0.6193   0.4820  -0.0306   0.0000   0.0077   0.1165    0.234
   106 -14.0000   1.1040   0.1030   0.5215  -0.0385   0.6069   0.4724  -0.0296   0.0000   0.0078   0.1140    0.233
   107 -14.0000   1.0720   0.1001   0.4960  -0.0380   0.5945   0.4627  -0.0285   0.0000   0.0081   0.1113    0.233
   108 -14.0000   1.0400   0.0971   0.4710  -0.0374   0.5819   0.4529  -0.0280   0.0000   0.0084   0.1086    0.232
   109 -14.0000   1.0080   0.0941   0.4464  -0.0367   0.5690   0.4429  -0.0267   0.0000   0.0088   0.1057    0.230
   110 -14.0000   0.9760   0.0911   0.4220  -0.0358   0.5556   0.4324  -0.0261   0.0000   0.0093   0.1026    0.229
   111 -14.0000   0.9440   0.0881   0.3977  -0.0348   0.5413   0.4213  -0.0250   0.0000   0.0099   0.0992    0.226
   112 -14.0000   0.9120   0.0851   0.3733  -0.0337   0.5259   0.4094  -0.0242   0.0000   0.0107   0.0955    0.224
   113 -14.0000   0.8800   0.0821   0.3486  -0.0324   0.5089   0.3961  -0.0232   0.0000   0.0116   0.0913    0.221
   114 -14.0000   0.8480   0.0791   0.3232  -0.0310   0.4897   0.3811  -0.0224   0.0000   0.0128   0.0865    0.216
   115 -14.0000   0.8160   0.0762   0.2968  -0.0294   0.4673   0.3637  -0.0209   0.0000   0.0141   0.0809    0.211
   116 -14.0000   0.7840   0.0732   0.2688  -0.0276   0.4405   0.3428  -0.0198   0.0000   0.0157   0.0743    0.204
   117 -14.0000   0.7520   0.0702   0.2384  -0.0257   0.4072   0.3170  -0.0181   0.0000   0.0173   0.0663    0.195
   118 -14.0000   0.7200   0.0672   0.2041  -0.0236   0.3643   0.2835  -0.0165   0.0000   0.0188   0.0564    0.184
   119 -14.0000   0.6880   0.0642   0.1634  -0.0215   0.3051   0.2375  -0.0146   0.0000   0.0195   0.0441    0.168
   120 -14.0000   0.6560   0.0612   0.1091  -0.0192   0.2137   0.1664  -0.0097   0.0000   0.0173   0.0278    0.146
 ---------------------------------------------------------------
