 ---------------------------------------------------------------
 Surface and Strip Forces by surface

  Forces referred to Sref, Cref, Bref about Xref, Yref, Zref
 Standard axis orientation,  X fwd, Z down         

  Surface # 1     Wing                                    
     # Chordwise = 10   # Spanwise = 30     First strip =  1
     Surface area =   52.500000       Ave. chord =    3.750000
     CLsurf  =   0.28950     Clsurf  =  -0.06411
     CYsurf  =  -0.00017     Cmsurf  =  -0.18243
     CDsurf  =   0.00649     Cnsurf  =  -0.00489
     CDisurf =   0.00649     CDvsurf =   0.00000

  Forces referred to Ssurf, Cave about hinge axis thru LE
     CLsurf  =   0.57899     CDsurf  =   0.01298
     Deflect =

 Strip Forces referred to Strip Area, Chord
    j      Yle    Chord     Area     c cl      ai      cl_norm  cl       cd       cdv    cm_c/4    cm_LE  C.P.x/c
     1   0.2333   5.4417   2.5394   2.6512   0.0463   0.5039   0.4869   0.0262   0.0000  -0.0093  -0.1272    0.269
     2   0.7000   5.3250   2.4850   2.6478   0.0463   0.5148   0.4975   0.0212   0.0000  -0.0065  -0.1269    0.263
     3   1.1667   5.2083   2.4306   2.6409   0.0461   0.5252   0.5075   0.0191   0.0000  -0.0043  -0.1272    0.259
     4   1.6333   5.0917   2.3761   2.6307   0.0459   0.5353   0.5173   0.0176   0.0000  -0.0026  -0.1279    0.255
     5   2.1000   4.9750   2.3217   2.6171   0.0456   0.5452   0.5268   0.0165   0.0000  -0.0013  -0.1289    0.252
     6   2.5667   4.8583   2.2672   2.6002   0.0452   0.5548   0.5361   0.0156   0.0000  -0.0003  -0.1301    0.251
     7   3.0333   4.7417   2.2128   2.5802   0.0448   0.5642   0.5452   0.0148   0.0000   0.0005  -0.1315    0.249
     8   3.5000   4.6250   2.1583   2.5570   0.0443   0.5733   0.5540   0.0141   0.0000   0.0011  -0.1330    0.248
     9   3.9667   4.5083   2.1039   2.5306   0.0438   0.5822   0.5626   0.0134   0.0000   0.0016  -0.1346    0.247
    10   4.4333   4.3917   2.0494   2.5013   0.0433   0.5907   0.5709   0.0129   0.0000   0.0020  -0.1362    0.246
    11   4.9000   4.2750   1.9950   2.4689   0.0428   0.5991   0.5789   0.0124   0.0000   0.0023  -0.1378    0.246
    12   5.3667   4.1583   1.9406   2.4336   0.0422   0.6072   0.5867   0.0119   0.0000   0.0026  -0.1395    0.246
    13   5.8333   4.0417   1.8861   2.3954   0.0416   0.6149   0.5942   0.0114   0.0000   0.0028  -0.1411    0.245
    14   6.3000   3.9250   1.8317   2.3544   0.0410   0.6224   0.6015   0.0109   0.0000   0.0030  -0.1426    0.245
    15   6.7667   3.8083   1.7772   2.3105   0.0405   0.6296   0.6084   0.0105   0.0000   0.0031  -0.1441    0.245
    16   7.2333   3.6917   1.7228   2.2637   0.0399   0.6364   0.6150   0.0100   0.0000   0.0033  -0.1455    0.245
    17   7.7000   3.5750   1.6683   2.2141   0.0394   0.6428   0.6212   0.0096   0.0000   0.0034  -0.1469    0.244
    18   8.1667   3.4583   1.6139   2.1615   0.0389   0.6488   0.6269   0.0091   0.0000   0.0036  -0.1481    0.244
    19   8.6333   3.3417   1.5594   2.1059   0.0385   0.6542   0.6322   0.0087   0.0000   0.0038  -0.1492    0.244
    20   9.1000   3.2250   1.5050   2.0471   0.0381   0.6590   0.6368   0.0083   0.0000   0.0040  -0.1501    0.244
    21   9.5667   3.1083   1.4506   1.9850   0.0378   0.6630   0.6407   0.0079   0.0000   0.0043  -0.1507    0.243
    22  10.0333   2.9917   1.3961   1.9192   0.0375   0.6661   0.6437   0.0075   0.0000   0.0045  -0.1512    0.243
    23  10.5000   2.8750   1.3417   1.8495   0.0374   0.6680   0.6455   0.0072   0.0000   0.0049  -0.1513    0.242
    24  10.9667   2.7583   1.2872   1.7754   0.0373   0.6684   0.6459   0.0068   0.0000   0.0052  -0.1510    0.242
    25  11.4333   2.6417   1.2328   1.6961   0.0374   0.6668   0.6443   0.0066   0.0000   0.0055  -0.1504    0.241
    26  11.9000   2.5250   1.1783   1.6110   0.0375   0.6625   0.6402   0.0066   0.0000   0.0057  -0.1492    0.241
    27  12.3667   2.4083   1.1239   1.5188   0.0377   0.6548   0.6328   0.0067   0.0000   0.0054  -0.1477    0.241
    28  12.8333   2.2917   1.0694   1.4183   0.0380   0.6426   0.6210   0.0075   0.0000   0.0039  -0.1464    0.244
    29  13.3000   2.1750   1.0150   1.3086   0.0382   0.6244   0.6034   0.0101   0.0000  -0.0009  -0.1468    0.252
    30  13.7667   2.0583   0.9606   1.1913   0.0388   0.5998   0.5796   0.0187   0.0000  -0.0150  -0.1550    0.276

  Surface # 2     Wing (YDUP)                             
     # Chordwise = 10   # Spanwise = 30     First strip = 31
     Surface area =   52.500000       Ave. chord =    3.750000
     CLsurf  =   0.28950     Clsurf  =   0.06411
     CYsurf  =   0.00017     Cmsurf  =  -0.18243
     CDsurf  =   0.00648     Cnsurf  =   0.00489
     CDisurf =   0.00648     CDvsurf =   0.00000

  Forces referred to Ssurf, Cave about hinge axis thru LE
     CLsurf  =   0.57899     CDsurf  =   0.01297
     Deflect =

 Strip Forces referred to Strip Area, Chord
    j      Yle    Chord     Area     c cl      ai      cl_norm  cl       cd       cdv    cm_c/4    cm_LE  C.P.x/c
    31  -0.2333   5.4417   2.5394   2.6512   0.0463   0.5039   0.4869   0.0262   0.0000  -0.0093   0.1272    0.269
    32  -0.7000   5.3250   2.4850   2.6478   0.0463   0.5148   0.4975   0.0212   0.0000  -0.0065   0.1269    0.263
    33  -1.1667   5.2083   2.4306   2.6409   0.0461   0.5252   0.5075   0.0191   0.0000  -0.0043   0.1272    0.259
    34  -1.6333   5.0917   2.3761   2.6307   0.0459   0.5353   0.5173   0.0176   0.0000  -0.0026   0.1279    0.255
    35  -2.1000   4.9750   2.3217   2.6171   0.0456   0.5452   0.5268   0.0165   0.0000  -0.0013   0.1289    0.252
    36  -2.5667   4.8583   2.2672   2.6002   0.0452   0.5548   0.5361   0.0156   0.0000  -0.0003   0.1301    0.251
    37  -3.0333   4.7417   2.2128   2.5802   0.0448   0.5642   0.5452   0.0148   0.0000   0.0005   0.1315    0.249
    38  -3.5000   4.6250   2.1583   2.5570   0.0443   0.5733   0.5540   0.0141   0.0000   0.0011   0.1330    0.248
    39  -3.9667   4.5083   2.1039   2.5306   0.0438   0.5822   0.5626   0.0134   0.0000   0.0016   0.1346    0.247
    40  -4.4333   4.3917   2.0494   2.5013   0.0433   0.5907   0.5709   0.0129   0.0000   0.0020   0.1362    0.246
    41  -4.9000   4.2750   1.9950   2.4689   0.0428   0.5991   0.5789   0.0124   0.0000   0.0023   0.1378    0.246
    42  -5.3667   4.1583   1.9406   2.4336   0.0422   0.6072   0.5867   0.0119   0.0000   0.0026   0.1395    0.246
    43  -5.8333   4.0417   1.8861   2.3954   0.0416   0.6149   0.5942   0.0114   0.0000   0.0028   0.1411    0.245
    44  -6.3000   3.9250   1.8317   2.3544   0.0410   0.6224   0.6015   0.0109   0.0000   0.0030   0.1426    0.245
    45  -6.7667   3.8083   1.7772   2.3105   0.0405   0.6296   0.6084   0.0105   0.0000   0.0031   0.1441    0.245
    46  -7.2333   3.6917   1.7228   2.2637   0.0399   0.6364   0.6150   0.0100   0.0000   0.0033   0.1455    0.245
    47  -7.7000   3.5750   1.6683   2.2141   0.0394   0.6428   0.6212   0.0096   0.0000   0.0034   0.1469    0.244
    48  -8.1667   3.4583   1.6139   2.1615   0.0389   0.6488   0.6269   0.0091   0.0000   0.0036   0.1481    0.244
    49  -8.6333   3.3417   1.5594   2.1059   0.0385   0.6542   0.6322   0.0087   0.0000   0.0038   0.1492    0.244
    50  -9.1000   3.2250   1.5050   2.0471   0.0381   0.6590   0.6368   0.0083   0.0000   0.0040   0.1501    0.244
    51  -9.5667   3.1083   1.4506   1.9850   0.0378   0.6630   0.6407   0.0079   0.0000   0.0043   0.1507    0.243
    52 -10.0333   2.9917   1.3961   1.9192   0.0375   0.6661   0.6437   0.0075   0.0000   0.0045   0.1512    0.243
    53 -10.5000   2.8750   1.3417   1.8495   0.0374   0.6680   0.6455   0.0072   0.0000   0.0049   0.1513    0.242
    54 -10.9667   2.7583   1.2872   1.7754   0.0373   0.6684   0.6459   0.0067   0.0000   0.0052   0.1510    0.242
    55 -11.4333   2.6417   1.2328   1.6961   0.0374   0.6668   0.6443   0.0066   0.0000   0.0055   0.1504    0.241
    56 -11.9000   2.5250   1.1783   1.6110   0.0375   0.6625   0.6402   0.0066   0.0000   0.0057   0.1492    0.241
    57 -12.3667   2.4083   1.1239   1.5188   0.0377   0.6548   0.6328   0.0067   0.0000   0.0054   0.1477    0.241
    58 -12.8333   2.2917   1.0694   1.4183   0.0380   0.6426   0.6210   0.0075   0.0000   0.0039   0.1464    0.244
    59 -13.3000   2.1750   1.0150   1.3086   0.0382   0.6244   0.6034   0.0101   0.0000  -0.0009   0.1468    0.252
    60 -13.7667   2.0583   0.9606   1.1913   0.0388   0.5998   0.5796   0.0186   0.0000  -0.0150   0.1550    0.276

  Surface # 3     Winglet                                 
     # Chordwise = 10   # Spanwise = 30     First strip = 61
     Surface area =    1.634203       Ave. chord =    1.120000
     CLsurf  =   0.01050     Clsurf  =  -0.00541
     CYsurf  =  -0.00168     Cmsurf  =  -0.01166
     CDsurf  =  -0.00069     Cnsurf  =  -0.00059
     CDisurf =  -0.00069     CDvsurf =   0.00000

  Forces referred to Ssurf, Cave about hinge axis thru LE
     CLsurf  =   0.68286     CDsurf  =  -0.04431
     Deflect =

 Strip Forces referred to Strip Area, Chord
    j      Yle    Chord     Area     c cl      ai      cl_norm  cl       cd       cdv    cm_c/4    cm_LE  C.P.x/c
    61  14.0238   1.5840   0.0770   1.1521   0.0388   0.8836   0.7451  -0.1568   0.0000   0.0345  -0.1330    0.204
    62  14.0715   1.5520   0.0755   1.1125   0.0381   0.8638   0.7284  -0.0914   0.0000   0.0278  -0.1365    0.212
    63  14.1192   1.5200   0.0739   1.0857   0.0376   0.8580   0.7235  -0.0661   0.0000   0.0244  -0.1388    0.216
    64  14.1668   1.4880   0.0724   1.0614   0.0374   0.8554   0.7213  -0.0534   0.0000   0.0223  -0.1404    0.219
    65  14.2145   1.4560   0.0708   1.0388   0.0372   0.8547   0.7207  -0.0455   0.0000   0.0209  -0.1416    0.221
    66  14.2622   1.4240   0.0693   1.0158   0.0371   0.8537   0.7199  -0.0377   0.0000   0.0199  -0.1425    0.222
    67  14.3098   1.3920   0.0677   0.9937   0.0370   0.8541   0.7202  -0.0348   0.0000   0.0193  -0.1431    0.223
    68  14.3575   1.3600   0.0661   0.9708   0.0370   0.8540   0.7201  -0.0345   0.0000   0.0188  -0.1435    0.224
    69  14.4052   1.3280   0.0646   0.9488   0.0369   0.8545   0.7205  -0.0321   0.0000   0.0186  -0.1438    0.224
    70  14.4528   1.2960   0.0630   0.9261   0.0369   0.8544   0.7205  -0.0302   0.0000   0.0186  -0.1438    0.224
    71  14.5005   1.2640   0.0615   0.9029   0.0370   0.8540   0.7202  -0.0297   0.0000   0.0187  -0.1437    0.224
    72  14.5482   1.2320   0.0599   0.8790   0.0371   0.8530   0.7193  -0.0299   0.0000   0.0190  -0.1433    0.224
    73  14.5958   1.2000   0.0584   0.8555   0.0372   0.8523   0.7187  -0.0290   0.0000   0.0194  -0.1428    0.223
    74  14.6435   1.1680   0.0568   0.8314   0.0373   0.8509   0.7175  -0.0290   0.0000   0.0201  -0.1420    0.222
    75  14.6912   1.1360   0.0553   0.8063   0.0376   0.8485   0.7155  -0.0288   0.0000   0.0208  -0.1409    0.221
    76  14.7388   1.1040   0.0537   0.7802   0.0378   0.8450   0.7125  -0.0297   0.0000   0.0216  -0.1396    0.220
    77  14.7865   1.0720   0.0521   0.7542   0.0382   0.8412   0.7094  -0.0301   0.0000   0.0227  -0.1379    0.218
    78  14.8342   1.0400   0.0506   0.7263   0.0386   0.8351   0.7042  -0.0307   0.0000   0.0237  -0.1359    0.216
    79  14.8818   1.0080   0.0490   0.6979   0.0391   0.8279   0.6981  -0.0302   0.0000   0.0251  -0.1334    0.214
    80  14.9295   0.9760   0.0475   0.6687   0.0397   0.8197   0.6912  -0.0336   0.0000   0.0266  -0.1304    0.211
    81  14.9772   0.9440   0.0459   0.6374   0.0403   0.8078   0.6812  -0.0335   0.0000   0.0282  -0.1268    0.209
    82  15.0248   0.9120   0.0444   0.6051   0.0411   0.7938   0.6694  -0.0327   0.0000   0.0301  -0.1226    0.205
    83  15.0725   0.8800   0.0428   0.5711   0.0419   0.7765   0.6548  -0.0325   0.0000   0.0322  -0.1175    0.201
    84  15.1202   0.8480   0.0412   0.5335   0.0429   0.7535   0.6353  -0.0380   0.0000   0.0341  -0.1115    0.196
    85  15.1678   0.8160   0.0397   0.4932   0.0440   0.7240   0.6105  -0.0374   0.0000   0.0361  -0.1042    0.191
    86  15.2155   0.7840   0.0381   0.4505   0.0453   0.6883   0.5804  -0.0361   0.0000   0.0383  -0.0957    0.184
    87  15.2632   0.7520   0.0366   0.4017   0.0467   0.6403   0.5400  -0.0376   0.0000   0.0399  -0.0853    0.176
    88  15.3108   0.7200   0.0350   0.3449   0.0482   0.5747   0.4846  -0.0379   0.0000   0.0401  -0.0727    0.167
    89  15.3585   0.6880   0.0335   0.2771   0.0500   0.4841   0.4082  -0.0402   0.0000   0.0384  -0.0572    0.156
    90  15.4062   0.6560   0.0319   0.1851   0.0520   0.3397   0.2864  -0.0318   0.0000   0.0307  -0.0368    0.143

  Surface # 4     Winglet (YDUP)                          
     # Chordwise = 10   # Spanwise = 30     First strip = 91
     Surface area =    1.634203       Ave. chord =    1.120000
     CLsurf  =   0.01050     Clsurf  =   0.00541
     CYsurf  =   0.00168     Cmsurf  =  -0.01166
     CDsurf  =  -0.00068     Cnsurf  =   0.00058
     CDisurf =  -0.00068     CDvsurf =   0.00000

  Forces referred to Ssurf, Cave about hinge axis thru LE
     CLsurf  =   0.68290     CDsurf  =  -0.04365
     Deflect =

 Strip Forces referred to Strip Area, Chord
    j      Yle    Chord     Area     c cl      ai      cl_norm  cl       cd       cdv    cm_c/4    cm_LE  C.P.x/c
    91 -14.0238   1.5840   0.0770   1.1523   0.0388   0.8840   0.7454  -0.1579   0.0000   0.0346   0.1330    0.204
    92 -14.0715   1.5520   0.0755   1.1122   0.0381   0.8636   0.7282  -0.0916   0.0000   0.0277   0.1365    0.212
    93 -14.1192   1.5200   0.0739   1.0855   0.0376   0.8576   0.7232  -0.0637   0.0000   0.0244   0.1388    0.216
    94 -14.1668   1.4880   0.0724   1.0615   0.0374   0.8553   0.7213  -0.0512   0.0000   0.0223   0.1404    0.219
    95 -14.2145   1.4560   0.0708   1.0387   0.0372   0.8546   0.7207  -0.0450   0.0000   0.0209   0.1416    0.221
    96 -14.2622   1.4240   0.0693   1.0157   0.0371   0.8536   0.7198  -0.0375   0.0000   0.0199   0.1425    0.222
    97 -14.3098   1.3920   0.0677   0.9937   0.0370   0.8539   0.7201  -0.0339   0.0000   0.0193   0.1431    0.223
    98 -14.3575   1.3600   0.0661   0.9713   0.0370   0.8542   0.7203  -0.0327   0.0000   0.0189   0.1435    0.224
    99 -14.4052   1.3280   0.0646   0.9491   0.0369   0.8547   0.7207  -0.0321   0.0000   0.0187   0.1438    0.224
   100 -14.4528   1.2960   0.0630   0.9261   0.0369   0.8544   0.7205  -0.0302   0.0000   0.0186   0.1438    0.224
   101 -14.5005   1.2640   0.0615   0.9028   0.0370   0.8538   0.7200  -0.0285   0.0000   0.0187   0.1437    0.224
   102 -14.5482   1.2320   0.0599   0.8790   0.0371   0.8529   0.7192  -0.0293   0.0000   0.0189   0.1433    0.224
   103 -14.5958   1.2000   0.0584   0.8556   0.0372   0.8524   0.7187  -0.0288   0.0000   0.0195   0.1428    0.223
   104 -14.6435   1.1680   0.0568   0.8313   0.0373   0.8508   0.7175  -0.0286   0.0000   0.0201   0.1420    0.222
   105 -14.6912   1.1360   0.0553   0.8062   0.0376   0.8484   0.7154  -0.0284   0.0000   0.0208   0.1409    0.221
   106 -14.7388   1.1040   0.0537   0.7803   0.0378   0.8451   0.7126  -0.0298   0.0000   0.0216   0.1396    0.220
   107 -14.7865   1.0720   0.0521   0.7539   0.0382   0.8408   0.7090  -0.0290   0.0000   0.0226   0.1379    0.218
   108 -14.8342   1.0400   0.0506   0.7263   0.0386   0.8351   0.7042  -0.0305   0.0000   0.0237   0.1359    0.216
   109 -14.8818   1.0080   0.0490   0.6987   0.0391   0.8289   0.6990  -0.0307   0.0000   0.0252   0.1334    0.214
   110 -14.9295   0.9760   0.0475   0.6686   0.0397   0.8195   0.6911  -0.0324   0.0000   0.0266   0.1304    0.211
   111 -14.9772   0.9440   0.0459   0.6374   0.0403   0.8078   0.6812  -0.0332   0.0000   0.0282   0.1268    0.209
   112 -15.0248   0.9120   0.0444   0.6051   0.0411   0.7939   0.6694  -0.0329   0.0000   0.0301   0.1226    0.205
   113 -15.0725   0.8800   0.0428   0.5714   0.0419   0.7768   0.6551  -0.0322   0.0000   0.0323   0.1175    0.201
   114 -15.1202   0.8480   0.0412   0.5338   0.0429   0.7540   0.6358  -0.0387   0.0000   0.0342   0.1115    0.196
   115 -15.1678   0.8160   0.0397   0.4935   0.0440   0.7244   0.6108  -0.0365   0.0000   0.0362   0.1042    0.191
   116 -15.2155   0.7840   0.0381   0.4507   0.0453   0.6883   0.5804  -0.0334   0.0000   0.0384   0.0957    0.184
   117 -15.2632   0.7520   0.0366   0.4014   0.0467   0.6398   0.5395  -0.0369   0.0000   0.0398   0.0853    0.176
   118 -15.3108   0.7200   0.0350   0.3448   0.0482   0.5746   0.4845  -0.0378   0.0000   0.0401   0.0727    0.167
   119 -15.3585   0.6880   0.0335   0.2778   0.0500   0.4850   0.4089  -0.0369   0.0000   0.0386   0.0572    0.156
   120 -15.4062   0.6560   0.0319   0.1861   0.0520   0.3412   0.2877  -0.0297   0.0000   0.0310   0.0369    0.142
 ---------------------------------------------------------------
