 ---------------------------------------------------------------
 Surface and Strip Forces by surface

  Forces referred to Sref, Cref, Bref about Xref, Yref, Zref
 Standard axis orientation,  X fwd, Z down         

  Surface # 1     Wing                                    
     # Chordwise = 10   # Spanwise = 30     First strip =  1
     Surface area =   52.500000       Ave. chord =    3.750000
     CLsurf  =   0.30000     Clsurf  =  -0.06423
     CYsurf  =  -0.00027     Cmsurf  =  -0.18506
     CDsurf  =   0.00747     Cnsurf  =  -0.00535
     CDisurf =   0.00747     CDvsurf =   0.00000

  Forces referred to Ssurf, Cave about hinge axis thru LE
     CLsurf  =   0.60000     CDsurf  =   0.01494
     Deflect =

 Strip Forces referred to Strip Area, Chord
    j      Yle    Chord     Area     c cl      ai      cl_norm  cl       cd       cdv    cm_c/4    cm_LE  C.P.x/c
     1   0.2333   5.4417   2.5394   2.8457   0.0524   0.5407   0.5225   0.0308   0.0000  -0.0095  -0.1361    0.268
     2   0.7000   5.3250   2.4850   2.8418   0.0524   0.5525   0.5339   0.0250   0.0000  -0.0065  -0.1358    0.262
     3   1.1667   5.2083   2.4306   2.8340   0.0522   0.5636   0.5447   0.0226   0.0000  -0.0042  -0.1360    0.258
     4   1.6333   5.0917   2.3761   2.8225   0.0520   0.5744   0.5551   0.0209   0.0000  -0.0023  -0.1367    0.254
     5   2.1000   4.9750   2.3217   2.8072   0.0517   0.5849   0.5652   0.0196   0.0000  -0.0009  -0.1377    0.252
     6   2.5667   4.8583   2.2672   2.7881   0.0513   0.5950   0.5750   0.0185   0.0000   0.0002  -0.1390    0.250
     7   3.0333   4.7417   2.2128   2.7654   0.0510   0.6048   0.5845   0.0177   0.0000   0.0011  -0.1404    0.248
     8   3.5000   4.6250   2.1583   2.7390   0.0505   0.6143   0.5936   0.0169   0.0000   0.0018  -0.1419    0.247
     9   3.9667   4.5083   2.1039   2.7091   0.0501   0.6234   0.6024   0.0160   0.0000   0.0024  -0.1434    0.246
    10   4.4333   4.3917   2.0494   2.6756   0.0496   0.6321   0.6109   0.0155   0.0000   0.0028  -0.1450    0.245
    11   4.9000   4.2750   1.9950   2.6387   0.0492   0.6405   0.6190   0.0149   0.0000   0.0032  -0.1466    0.245
    12   5.3667   4.1583   1.9406   2.5982   0.0487   0.6485   0.6267   0.0142   0.0000   0.0036  -0.1481    0.244
    13   5.8333   4.0417   1.8861   2.5543   0.0483   0.6560   0.6339   0.0137   0.0000   0.0039  -0.1495    0.244
    14   6.3000   3.9250   1.8317   2.5068   0.0479   0.6630   0.6407   0.0132   0.0000   0.0042  -0.1509    0.244
    15   6.7667   3.8083   1.7772   2.4558   0.0475   0.6695   0.6470   0.0127   0.0000   0.0045  -0.1521    0.243
    16   7.2333   3.6917   1.7228   2.4011   0.0472   0.6753   0.6526   0.0122   0.0000   0.0048  -0.1531    0.243
    17   7.7000   3.5750   1.6683   2.3426   0.0470   0.6804   0.6575   0.0117   0.0000   0.0051  -0.1540    0.242
    18   8.1667   3.4583   1.6139   2.2801   0.0468   0.6847   0.6616   0.0111   0.0000   0.0055  -0.1546    0.242
    19   8.6333   3.3417   1.5594   2.2133   0.0468   0.6879   0.6647   0.0107   0.0000   0.0060  -0.1549    0.241
    20   9.1000   3.2250   1.5050   2.1418   0.0470   0.6898   0.6666   0.0102   0.0000   0.0065  -0.1547    0.240
    21   9.5667   3.1083   1.4506   2.0650   0.0474   0.6901   0.6669   0.0097   0.0000   0.0072  -0.1541    0.239
    22  10.0333   2.9917   1.3961   1.9823   0.0480   0.6883   0.6652   0.0092   0.0000   0.0081  -0.1529    0.238
    23  10.5000   2.8750   1.3417   1.8924   0.0489   0.6838   0.6608   0.0088   0.0000   0.0091  -0.1508    0.236
    24  10.9667   2.7583   1.2872   1.7938   0.0502   0.6756   0.6529   0.0083   0.0000   0.0105  -0.1475    0.234
    25  11.4333   2.6417   1.2328   1.6842   0.0519   0.6624   0.6401   0.0078   0.0000   0.0123  -0.1427    0.231
    26  11.9000   2.5250   1.1783   1.5602   0.0543   0.6420   0.6204   0.0074   0.0000   0.0145  -0.1358    0.227
    27  12.3667   2.4083   1.1239   1.4161   0.0573   0.6110   0.5904   0.0067   0.0000   0.0172  -0.1259    0.221
    28  12.8333   2.2917   1.0694   1.2423   0.0611   0.5633   0.5444   0.0060   0.0000   0.0205  -0.1116    0.212
    29  13.3000   2.1750   1.0150   1.0198   0.0657   0.4872   0.4708   0.0052   0.0000   0.0237  -0.0907    0.200
    30  13.7667   2.0583   0.9606   0.6995   0.0713   0.3530   0.3412   0.0044   0.0000   0.0239  -0.0592    0.180

  Surface # 2     Wing (YDUP)                             
     # Chordwise = 10   # Spanwise = 30     First strip = 31
     Surface area =   52.500000       Ave. chord =    3.750000
     CLsurf  =   0.30000     Clsurf  =   0.06423
     CYsurf  =   0.00027     Cmsurf  =  -0.18506
     CDsurf  =   0.00747     Cnsurf  =   0.00535
     CDisurf =   0.00747     CDvsurf =   0.00000

  Forces referred to Ssurf, Cave about hinge axis thru LE
     CLsurf  =   0.60000     CDsurf  =   0.01493
     Deflect =

 Strip Forces referred to Strip Area, Chord
    j      Yle    Chord     Area     c cl      ai      cl_norm  cl       cd       cdv    cm_c/4    cm_LE  C.P.x/c
    31  -0.2333   5.4417   2.5394   2.8457   0.0524   0.5407   0.5225   0.0308   0.0000  -0.0095   0.1361    0.268
    32  -0.7000   5.3250   2.4850   2.8418   0.0524   0.5525   0.5339   0.0249   0.0000  -0.0065   0.1358    0.262
    33  -1.1667   5.2083   2.4306   2.8340   0.0522   0.5636   0.5447   0.0226   0.0000  -0.0042   0.1360    0.258
    34  -1.6333   5.0917   2.3761   2.8225   0.0520   0.5744   0.5551   0.0208   0.0000  -0.0023   0.1367    0.254
    35  -2.1000   4.9750   2.3217   2.8072   0.0517   0.5849   0.5652   0.0196   0.0000  -0.0009   0.1377    0.252
    36  -2.5667   4.8583   2.2672   2.7881   0.0513   0.5950   0.5750   0.0185   0.0000   0.0002   0.1390    0.250
    37  -3.0333   4.7417   2.2128   2.7654   0.0510   0.6048   0.5845   0.0177   0.0000   0.0011   0.1404    0.248
    38  -3.5000   4.6250   2.1583   2.7390   0.0505   0.6143   0.5936   0.0169   0.0000   0.0018   0.1419    0.247
    39  -3.9667   4.5083   2.1039   2.7091   0.0501   0.6234   0.6024   0.0160   0.0000   0.0024   0.1434    0.246
    40  -4.4333   4.3917   2.0494   2.6756   0.0496   0.6321   0.6109   0.0155   0.0000   0.0028   0.1450    0.245
    41  -4.9000   4.2750   1.9950   2.6387   0.0492   0.6405   0.6190   0.0149   0.0000   0.0032   0.1466    0.245
    42  -5.3667   4.1583   1.9406   2.5982   0.0487   0.6485   0.6267   0.0142   0.0000   0.0036   0.1481    0.244
    43  -5.8333   4.0417   1.8861   2.5543   0.0483   0.6560   0.6339   0.0137   0.0000   0.0039   0.1495    0.244
    44  -6.3000   3.9250   1.8317   2.5068   0.0479   0.6630   0.6407   0.0132   0.0000   0.0042   0.1509    0.244
    45  -6.7667   3.8083   1.7772   2.4558   0.0475   0.6695   0.6470   0.0127   0.0000   0.0045   0.1521    0.243
    46  -7.2333   3.6917   1.7228   2.4011   0.0472   0.6753   0.6526   0.0122   0.0000   0.0048   0.1531    0.243
    47  -7.7000   3.5750   1.6683   2.3426   0.0470   0.6804   0.6575   0.0117   0.0000   0.0051   0.1540    0.242
    48  -8.1667   3.4583   1.6139   2.2801   0.0468   0.6847   0.6616   0.0111   0.0000   0.0055   0.1546    0.242
    49  -8.6333   3.3417   1.5594   2.2133   0.0468   0.6879   0.6647   0.0107   0.0000   0.0060   0.1549    0.241
    50  -9.1000   3.2250   1.5050   2.1418   0.0470   0.6898   0.6666   0.0102   0.0000   0.0065   0.1547    0.240
    51  -9.5667   3.1083   1.4506   2.0650   0.0474   0.6901   0.6669   0.0097   0.0000   0.0072   0.1541    0.239
    52 -10.0333   2.9917   1.3961   1.9823   0.0480   0.6883   0.6652   0.0092   0.0000   0.0081   0.1529    0.238
    53 -10.5000   2.8750   1.3417   1.8924   0.0489   0.6838   0.6608   0.0088   0.0000   0.0091   0.1508    0.236
    54 -10.9667   2.7583   1.2872   1.7938   0.0502   0.6756   0.6529   0.0082   0.0000   0.0105   0.1475    0.234
    55 -11.4333   2.6417   1.2328   1.6842   0.0519   0.6624   0.6401   0.0077   0.0000   0.0123   0.1427    0.231
    56 -11.9000   2.5250   1.1783   1.5602   0.0543   0.6420   0.6204   0.0074   0.0000   0.0145   0.1358    0.227
    57 -12.3667   2.4083   1.1239   1.4161   0.0573   0.6110   0.5904   0.0067   0.0000   0.0172   0.1259    0.221
    58 -12.8333   2.2917   1.0694   1.2423   0.0611   0.5633   0.5444   0.0060   0.0000   0.0205   0.1116    0.212
    59 -13.3000   2.1750   1.0150   1.0198   0.0657   0.4872   0.4708   0.0052   0.0000   0.0237   0.0907    0.200
    60 -13.7667   2.0583   0.9606   0.6995   0.0713   0.3530   0.3412   0.0043   0.0000   0.0239   0.0592    0.180
 ---------------------------------------------------------------
