 ---------------------------------------------------------------
 Surface and Strip Forces by surface

  Forces referred to Sref, Cref, Bref about Xref, Yref, Zref
 Standard axis orientation,  X fwd, Z down         

  Surface # 1     Wing                                    
     # Chordwise = 10   # Spanwise = 30     First strip =  1
     Surface area =   52.500000       Ave. chord =    3.750000
     CLsurf  =   0.29185     Clsurf  =  -0.06468
     CYsurf  =  -0.00019     Cmsurf  =  -0.18398
     CDsurf  =   0.00668     Cnsurf  =  -0.00494
     CDisurf =   0.00668     CDvsurf =   0.00000

  Forces referred to Ssurf, Cave about hinge axis thru LE
     CLsurf  =   0.58371     CDsurf  =   0.01335
     Deflect =

 Strip Forces referred to Strip Area, Chord
    j      Yle    Chord     Area     c cl      ai      cl_norm  cl       cd       cdv    cm_c/4    cm_LE  C.P.x/c
     1   0.2333   5.4417   2.5394   2.6714   0.0469   0.5077   0.4906   0.0267   0.0000  -0.0093  -0.1281    0.269
     2   0.7000   5.3250   2.4850   2.6679   0.0468   0.5187   0.5012   0.0215   0.0000  -0.0066  -0.1279    0.263
     3   1.1667   5.2083   2.4306   2.6610   0.0467   0.5292   0.5114   0.0194   0.0000  -0.0043  -0.1281    0.258
     4   1.6333   5.0917   2.3761   2.6507   0.0464   0.5394   0.5212   0.0179   0.0000  -0.0026  -0.1288    0.255
     5   2.1000   4.9750   2.3217   2.6370   0.0461   0.5493   0.5308   0.0168   0.0000  -0.0013  -0.1298    0.252
     6   2.5667   4.8583   2.2672   2.6200   0.0458   0.5590   0.5402   0.0159   0.0000  -0.0003  -0.1310    0.250
     7   3.0333   4.7417   2.2128   2.5997   0.0454   0.5684   0.5493   0.0151   0.0000   0.0005  -0.1324    0.249
     8   3.5000   4.6250   2.1583   2.5762   0.0449   0.5776   0.5582   0.0144   0.0000   0.0012  -0.1340    0.248
     9   3.9667   4.5083   2.1039   2.5497   0.0444   0.5865   0.5668   0.0137   0.0000   0.0017  -0.1355    0.247
    10   4.4333   4.3917   2.0494   2.5200   0.0439   0.5952   0.5752   0.0132   0.0000   0.0021  -0.1372    0.246
    11   4.9000   4.2750   1.9950   2.4873   0.0433   0.6036   0.5833   0.0127   0.0000   0.0024  -0.1388    0.246
    12   5.3667   4.1583   1.9406   2.4517   0.0428   0.6117   0.5911   0.0121   0.0000   0.0026  -0.1405    0.246
    13   5.8333   4.0417   1.8861   2.4132   0.0422   0.6195   0.5987   0.0117   0.0000   0.0028  -0.1421    0.245
    14   6.3000   3.9250   1.8317   2.3717   0.0416   0.6270   0.6059   0.0111   0.0000   0.0030  -0.1436    0.245
    15   6.7667   3.8083   1.7772   2.3274   0.0411   0.6342   0.6129   0.0107   0.0000   0.0032  -0.1451    0.245
    16   7.2333   3.6917   1.7228   2.2802   0.0405   0.6411   0.6195   0.0103   0.0000   0.0033  -0.1466    0.245
    17   7.7000   3.5750   1.6683   2.2301   0.0400   0.6475   0.6257   0.0098   0.0000   0.0035  -0.1479    0.244
    18   8.1667   3.4583   1.6139   2.1770   0.0395   0.6534   0.6315   0.0094   0.0000   0.0037  -0.1491    0.244
    19   8.6333   3.3417   1.5594   2.1209   0.0391   0.6589   0.6367   0.0090   0.0000   0.0039  -0.1502    0.244
    20   9.1000   3.2250   1.5050   2.0616   0.0387   0.6637   0.6413   0.0086   0.0000   0.0041  -0.1511    0.244
    21   9.5667   3.1083   1.4506   1.9990   0.0384   0.6677   0.6453   0.0082   0.0000   0.0043  -0.1518    0.243
    22  10.0333   2.9917   1.3961   1.9328   0.0382   0.6708   0.6483   0.0077   0.0000   0.0046  -0.1522    0.243
    23  10.5000   2.8750   1.3417   1.8628   0.0381   0.6728   0.6501   0.0075   0.0000   0.0049  -0.1524    0.242
    24  10.9667   2.7583   1.2872   1.7884   0.0381   0.6733   0.6506   0.0072   0.0000   0.0052  -0.1522    0.242
    25  11.4333   2.6417   1.2328   1.7091   0.0382   0.6719   0.6492   0.0070   0.0000   0.0055  -0.1516    0.242
    26  11.9000   2.5250   1.1783   1.6243   0.0383   0.6680   0.6455   0.0071   0.0000   0.0055  -0.1507    0.241
    27  12.3667   2.4083   1.1239   1.5333   0.0386   0.6611   0.6388   0.0074   0.0000   0.0050  -0.1496    0.242
    28  12.8333   2.2917   1.0694   1.4354   0.0389   0.6503   0.6284   0.0084   0.0000   0.0030  -0.1490    0.245
    29  13.3000   2.1750   1.0150   1.3306   0.0396   0.6348   0.6135   0.0115   0.0000  -0.0025  -0.1508    0.254
    30  13.7667   2.0583   0.9606   1.2228   0.0414   0.6155   0.5948   0.0209   0.0000  -0.0175  -0.1610    0.279

  Surface # 2     Wing (YDUP)                             
     # Chordwise = 10   # Spanwise = 30     First strip = 31
     Surface area =   52.500000       Ave. chord =    3.750000
     CLsurf  =   0.29185     Clsurf  =   0.06468
     CYsurf  =   0.00019     Cmsurf  =  -0.18398
     CDsurf  =   0.00667     Cnsurf  =   0.00494
     CDisurf =   0.00667     CDvsurf =   0.00000

  Forces referred to Ssurf, Cave about hinge axis thru LE
     CLsurf  =   0.58371     CDsurf  =   0.01334
     Deflect =

 Strip Forces referred to Strip Area, Chord
    j      Yle    Chord     Area     c cl      ai      cl_norm  cl       cd       cdv    cm_c/4    cm_LE  C.P.x/c
    31  -0.2333   5.4417   2.5394   2.6714   0.0469   0.5077   0.4906   0.0267   0.0000  -0.0093   0.1281    0.269
    32  -0.7000   5.3250   2.4850   2.6679   0.0468   0.5187   0.5012   0.0215   0.0000  -0.0066   0.1279    0.263
    33  -1.1667   5.2083   2.4306   2.6610   0.0467   0.5292   0.5114   0.0194   0.0000  -0.0043   0.1281    0.258
    34  -1.6333   5.0917   2.3761   2.6507   0.0464   0.5394   0.5212   0.0179   0.0000  -0.0026   0.1288    0.255
    35  -2.1000   4.9750   2.3217   2.6370   0.0461   0.5493   0.5308   0.0168   0.0000  -0.0013   0.1298    0.252
    36  -2.5667   4.8583   2.2672   2.6200   0.0458   0.5590   0.5402   0.0159   0.0000  -0.0003   0.1310    0.250
    37  -3.0333   4.7417   2.2128   2.5997   0.0454   0.5684   0.5493   0.0151   0.0000   0.0005   0.1324    0.249
    38  -3.5000   4.6250   2.1583   2.5762   0.0449   0.5776   0.5582   0.0144   0.0000   0.0012   0.1340    0.248
    39  -3.9667   4.5083   2.1039   2.5497   0.0444   0.5865   0.5668   0.0137   0.0000   0.0017   0.1355    0.247
    40  -4.4333   4.3917   2.0494   2.5200   0.0439   0.5952   0.5752   0.0132   0.0000   0.0021   0.1372    0.246
    41  -4.9000   4.2750   1.9950   2.4873   0.0433   0.6036   0.5833   0.0127   0.0000   0.0024   0.1388    0.246
    42  -5.3667   4.1583   1.9406   2.4517   0.0428   0.6117   0.5911   0.0121   0.0000   0.0026   0.1405    0.246
    43  -5.8333   4.0417   1.8861   2.4132   0.0422   0.6195   0.5987   0.0117   0.0000   0.0028   0.1421    0.245
    44  -6.3000   3.9250   1.8317   2.3717   0.0416   0.6270   0.6059   0.0111   0.0000   0.0030   0.1436    0.245
    45  -6.7667   3.8083   1.7772   2.3274   0.0411   0.6342   0.6129   0.0107   0.0000   0.0032   0.1451    0.245
    46  -7.2333   3.6917   1.7228   2.2802   0.0405   0.6411   0.6195   0.0103   0.0000   0.0033   0.1466    0.245
    47  -7.7000   3.5750   1.6683   2.2301   0.0400   0.6475   0.6257   0.0098   0.0000   0.0035   0.1479    0.244
    48  -8.1667   3.4583   1.6139   2.1770   0.0395   0.6534   0.6315   0.0094   0.0000   0.0037   0.1491    0.244
    49  -8.6333   3.3417   1.5594   2.1209   0.0391   0.6589   0.6367   0.0090   0.0000   0.0039   0.1502    0.244
    50  -9.1000   3.2250   1.5050   2.0616   0.0387   0.6637   0.6413   0.0086   0.0000   0.0041   0.1511    0.244
    51  -9.5667   3.1083   1.4506   1.9990   0.0384   0.6677   0.6453   0.0082   0.0000   0.0043   0.1518    0.243
    52 -10.0333   2.9917   1.3961   1.9328   0.0382   0.6708   0.6483   0.0077   0.0000   0.0046   0.1522    0.243
    53 -10.5000   2.8750   1.3417   1.8628   0.0381   0.6728   0.6501   0.0075   0.0000   0.0049   0.1524    0.242
    54 -10.9667   2.7583   1.2872   1.7884   0.0381   0.6733   0.6506   0.0071   0.0000   0.0052   0.1522    0.242
    55 -11.4333   2.6417   1.2328   1.7091   0.0382   0.6719   0.6493   0.0070   0.0000   0.0055   0.1516    0.242
    56 -11.9000   2.5250   1.1783   1.6243   0.0383   0.6680   0.6455   0.0071   0.0000   0.0055   0.1507    0.241
    57 -12.3667   2.4083   1.1239   1.5333   0.0386   0.6611   0.6388   0.0074   0.0000   0.0050   0.1496    0.242
    58 -12.8333   2.2917   1.0694   1.4354   0.0389   0.6503   0.6284   0.0084   0.0000   0.0030   0.1490    0.245
    59 -13.3000   2.1750   1.0150   1.3306   0.0396   0.6348   0.6135   0.0115   0.0000  -0.0025   0.1508    0.254
    60 -13.7667   2.0583   0.9606   1.2228   0.0414   0.6155   0.5948   0.0208   0.0000  -0.0175   0.1610    0.279

  Surface # 3     Winglet                                 
     # Chordwise = 10   # Spanwise = 30     First strip = 61
     Surface area =    1.734554       Ave. chord =    1.120000
     CLsurf  =   0.00815     Clsurf  =  -0.00423
     CYsurf  =  -0.00722     Cmsurf  =  -0.00911
     CDsurf  =  -0.00074     Cnsurf  =   0.00039
     CDisurf =  -0.00074     CDvsurf =   0.00000

  Forces referred to Ssurf, Cave about hinge axis thru LE
     CLsurf  =   0.65810     CDsurf  =  -0.04480
     Deflect =

 Strip Forces referred to Strip Area, Chord
    j      Yle    Chord     Area     c cl      ai      cl_norm  cl       cd       cdv    cm_c/4    cm_LE  C.P.x/c
    61  14.0185   1.5840   0.0818   1.1993   0.0232   0.9361   0.7699  -0.1545   0.0000   0.0364  -0.1523    0.203
    62  14.0555   1.5520   0.0801   1.1224   0.0215   0.8893   0.7314  -0.0925   0.0000   0.0251  -0.1543    0.216
    63  14.0925   1.5200   0.0785   1.0861   0.0205   0.8766   0.7210  -0.0678   0.0000   0.0213  -0.1555    0.220
    64  14.1295   1.4880   0.0768   1.0536   0.0197   0.8676   0.7136  -0.0542   0.0000   0.0188  -0.1561    0.224
    65  14.1665   1.4560   0.0752   1.0243   0.0192   0.8615   0.7086  -0.0478   0.0000   0.0170  -0.1565    0.226
    66  14.2035   1.4240   0.0735   0.9999   0.0188   0.8593   0.7068  -0.0423   0.0000   0.0162  -0.1568    0.227
    67  14.2405   1.3920   0.0719   0.9733   0.0184   0.8555   0.7036  -0.0391   0.0000   0.0153  -0.1569    0.228
    68  14.2775   1.3600   0.0702   0.9474   0.0181   0.8522   0.7009  -0.0376   0.0000   0.0147  -0.1568    0.229
    69  14.3145   1.3280   0.0686   0.9227   0.0178   0.8497   0.6989  -0.0344   0.0000   0.0144  -0.1566    0.229
    70  14.3515   1.2960   0.0669   0.8966   0.0176   0.8461   0.6959  -0.0339   0.0000   0.0142  -0.1561    0.230
    71  14.3885   1.2640   0.0653   0.8723   0.0175   0.8440   0.6941  -0.0336   0.0000   0.0143  -0.1555    0.229
    72  14.4255   1.2320   0.0636   0.8469   0.0174   0.8406   0.6913  -0.0328   0.0000   0.0144  -0.1548    0.229
    73  14.4625   1.2000   0.0619   0.8189   0.0174   0.8344   0.6863  -0.0325   0.0000   0.0142  -0.1538    0.229
    74  14.4995   1.1680   0.0603   0.7944   0.0174   0.8315   0.6839  -0.0312   0.0000   0.0149  -0.1527    0.228
    75  14.5365   1.1360   0.0586   0.7688   0.0175   0.8275   0.6806  -0.0321   0.0000   0.0156  -0.1513    0.227
    76  14.5735   1.1040   0.0570   0.7410   0.0176   0.8206   0.6749  -0.0312   0.0000   0.0159  -0.1497    0.226
    77  14.6105   1.0720   0.0553   0.7158   0.0178   0.8164   0.6715  -0.0306   0.0000   0.0172  -0.1477    0.224
    78  14.6475   1.0400   0.0537   0.6871   0.0181   0.8079   0.6645  -0.0324   0.0000   0.0180  -0.1453    0.223
    79  14.6845   1.0080   0.0520   0.6572   0.0185   0.7974   0.6559  -0.0339   0.0000   0.0188  -0.1426    0.221
    80  14.7215   0.9760   0.0504   0.6298   0.0190   0.7893   0.6491  -0.0326   0.0000   0.0204  -0.1396    0.219
    81  14.7585   0.9440   0.0487   0.6000   0.0196   0.7774   0.6394  -0.0330   0.0000   0.0222  -0.1356    0.215
    82  14.7955   0.9120   0.0471   0.5664   0.0203   0.7597   0.6249  -0.0331   0.0000   0.0233  -0.1313    0.213
    83  14.8325   0.8800   0.0454   0.5333   0.0211   0.7414   0.6098  -0.0328   0.0000   0.0252  -0.1260    0.209
    84  14.8695   0.8480   0.0438   0.4952   0.0220   0.7145   0.5876  -0.0318   0.0000   0.0265  -0.1196    0.205
    85  14.9065   0.8160   0.0421   0.4606   0.0230   0.6904   0.5678  -0.0294   0.0000   0.0293  -0.1124    0.198
    86  14.9435   0.7840   0.0405   0.4205   0.0242   0.6562   0.5397  -0.0304   0.0000   0.0317  -0.1034    0.191
    87  14.9805   0.7520   0.0388   0.3709   0.0256   0.6037   0.4966  -0.0317   0.0000   0.0322  -0.0927    0.185
    88  15.0175   0.7200   0.0372   0.3200   0.0271   0.5444   0.4478  -0.0313   0.0000   0.0335  -0.0797    0.175
    89  15.0545   0.6880   0.0355   0.2574   0.0288   0.4584   0.3770  -0.0288   0.0000   0.0326  -0.0633    0.164
    90  15.0915   0.6560   0.0339   0.1719   0.0308   0.3215   0.2644  -0.0235   0.0000   0.0264  -0.0414    0.150

  Surface # 4     Winglet (YDUP)                          
     # Chordwise = 10   # Spanwise = 30     First strip = 91
     Surface area =    1.734554       Ave. chord =    1.120000
     CLsurf  =   0.00815     Clsurf  =   0.00423
     CYsurf  =   0.00722     Cmsurf  =  -0.00911
     CDsurf  =  -0.00074     Cnsurf  =  -0.00039
     CDisurf =  -0.00074     CDvsurf =   0.00000

  Forces referred to Ssurf, Cave about hinge axis thru LE
     CLsurf  =   0.65819     CDsurf  =  -0.04485
     Deflect =

 Strip Forces referred to Strip Area, Chord
    j      Yle    Chord     Area     c cl      ai      cl_norm  cl       cd       cdv    cm_c/4    cm_LE  C.P.x/c
    91 -14.0185   1.5840   0.0818   1.1999   0.0232   0.9365   0.7702  -0.1542   0.0000   0.0364   0.1523    0.203
    92 -14.0555   1.5520   0.0801   1.1225   0.0215   0.8895   0.7316  -0.0940   0.0000   0.0251   0.1543    0.216
    93 -14.0925   1.5200   0.0785   1.0865   0.0205   0.8769   0.7212  -0.0671   0.0000   0.0213   0.1555    0.220
    94 -14.1295   1.4880   0.0768   1.0531   0.0197   0.8671   0.7132  -0.0540   0.0000   0.0187   0.1561    0.224
    95 -14.1665   1.4560   0.0752   1.0240   0.0192   0.8612   0.7084  -0.0477   0.0000   0.0170   0.1565    0.226
    96 -14.2035   1.4240   0.0735   0.9996   0.0188   0.8592   0.7067  -0.0427   0.0000   0.0162   0.1568    0.227
    97 -14.2405   1.3920   0.0719   0.9751   0.0184   0.8570   0.7049  -0.0384   0.0000   0.0156   0.1569    0.228
    98 -14.2775   1.3600   0.0702   0.9477   0.0181   0.8524   0.7011  -0.0369   0.0000   0.0147   0.1568    0.229
    99 -14.3145   1.3280   0.0686   0.9223   0.0178   0.8494   0.6986  -0.0351   0.0000   0.0144   0.1565    0.229
   100 -14.3515   1.2960   0.0669   0.8968   0.0176   0.8462   0.6960  -0.0336   0.0000   0.0142   0.1561    0.230
   101 -14.3885   1.2640   0.0653   0.8729   0.0175   0.8445   0.6946  -0.0328   0.0000   0.0144   0.1555    0.229
   102 -14.4255   1.2320   0.0636   0.8463   0.0174   0.8399   0.6908  -0.0325   0.0000   0.0143   0.1548    0.229
   103 -14.4625   1.2000   0.0619   0.8193   0.0174   0.8348   0.6866  -0.0329   0.0000   0.0143   0.1538    0.229
   104 -14.4995   1.1680   0.0603   0.7967   0.0174   0.8339   0.6859  -0.0313   0.0000   0.0153   0.1527    0.228
   105 -14.5365   1.1360   0.0586   0.7687   0.0175   0.8274   0.6805  -0.0324   0.0000   0.0156   0.1513    0.227
   106 -14.5735   1.1040   0.0570   0.7418   0.0176   0.8216   0.6757  -0.0312   0.0000   0.0161   0.1497    0.226
   107 -14.6105   1.0720   0.0553   0.7148   0.0178   0.8152   0.6705  -0.0305   0.0000   0.0170   0.1477    0.225
   108 -14.6475   1.0400   0.0537   0.6872   0.0181   0.8080   0.6646  -0.0319   0.0000   0.0180   0.1454    0.223
   109 -14.6845   1.0080   0.0520   0.6569   0.0185   0.7971   0.6556  -0.0335   0.0000   0.0187   0.1426    0.221
   110 -14.7215   0.9760   0.0504   0.6298   0.0190   0.7892   0.6491  -0.0328   0.0000   0.0204   0.1396    0.219
   111 -14.7585   0.9440   0.0487   0.5990   0.0196   0.7761   0.6384  -0.0325   0.0000   0.0220   0.1357    0.216
   112 -14.7955   0.9120   0.0471   0.5672   0.0203   0.7607   0.6256  -0.0323   0.0000   0.0234   0.1314    0.213
   113 -14.8325   0.8800   0.0454   0.5327   0.0211   0.7406   0.6091  -0.0333   0.0000   0.0251   0.1259    0.209
   114 -14.8695   0.8480   0.0438   0.4974   0.0220   0.7175   0.5901  -0.0317   0.0000   0.0270   0.1197    0.204
   115 -14.9065   0.8160   0.0421   0.4602   0.0230   0.6900   0.5675  -0.0311   0.0000   0.0292   0.1124    0.199
   116 -14.9435   0.7840   0.0405   0.4195   0.0242   0.6549   0.5386  -0.0330   0.0000   0.0314   0.1034    0.192
   117 -14.9805   0.7520   0.0388   0.3706   0.0256   0.6032   0.4962  -0.0314   0.0000   0.0321   0.0927    0.185
   118 -15.0175   0.7200   0.0372   0.3207   0.0271   0.5456   0.4487  -0.0312   0.0000   0.0337   0.0797    0.175
   119 -15.0545   0.6880   0.0355   0.2558   0.0288   0.4557   0.3748  -0.0297   0.0000   0.0321   0.0633    0.164
   120 -15.0915   0.6560   0.0339   0.1719   0.0308   0.3214   0.2644  -0.0243   0.0000   0.0263   0.0414    0.150
 ---------------------------------------------------------------
