 ---------------------------------------------------------------
 Surface and Strip Forces by surface

  Forces referred to Sref, Cref, Bref about Xref, Yref, Zref
 Standard axis orientation,  X fwd, Z down         

  Surface # 1     Wing                                    
     # Chordwise = 10   # Spanwise = 30     First strip =  1
     Surface area =   52.500000       Ave. chord =    3.750000
     CLsurf  =   0.28947     Clsurf  =  -0.06408
     CYsurf  =  -0.00017     Cmsurf  =  -0.18237
     CDsurf  =   0.00648     Cnsurf  =  -0.00489
     CDisurf =   0.00648     CDvsurf =   0.00000

  Forces referred to Ssurf, Cave about hinge axis thru LE
     CLsurf  =   0.57894     CDsurf  =   0.01296
     Deflect =

 Strip Forces referred to Strip Area, Chord
    j      Yle    Chord     Area     c cl      ai      cl_norm  cl       cd       cdv    cm_c/4    cm_LE  C.P.x/c
     1   0.2333   5.4417   2.5394   2.6519   0.0464   0.5040   0.4870   0.0262   0.0000  -0.0093  -0.1272    0.269
     2   0.7000   5.3250   2.4850   2.6485   0.0463   0.5149   0.4976   0.0212   0.0000  -0.0065  -0.1270    0.263
     3   1.1667   5.2083   2.4306   2.6416   0.0461   0.5253   0.5076   0.0191   0.0000  -0.0043  -0.1272    0.259
     4   1.6333   5.0917   2.3761   2.6314   0.0459   0.5355   0.5174   0.0176   0.0000  -0.0026  -0.1279    0.255
     5   2.1000   4.9750   2.3217   2.6178   0.0456   0.5453   0.5270   0.0165   0.0000  -0.0013  -0.1289    0.252
     6   2.5667   4.8583   2.2672   2.6009   0.0452   0.5549   0.5363   0.0156   0.0000  -0.0003  -0.1301    0.251
     7   3.0333   4.7417   2.2128   2.5808   0.0448   0.5643   0.5453   0.0148   0.0000   0.0005  -0.1315    0.249
     8   3.5000   4.6250   2.1583   2.5576   0.0443   0.5734   0.5541   0.0142   0.0000   0.0011  -0.1330    0.248
     9   3.9667   4.5083   2.1039   2.5312   0.0438   0.5823   0.5627   0.0134   0.0000   0.0016  -0.1346    0.247
    10   4.4333   4.3917   2.0494   2.5019   0.0433   0.5909   0.5710   0.0129   0.0000   0.0020  -0.1362    0.246
    11   4.9000   4.2750   1.9950   2.4695   0.0428   0.5992   0.5791   0.0124   0.0000   0.0023  -0.1379    0.246
    12   5.3667   4.1583   1.9406   2.4342   0.0422   0.6073   0.5869   0.0119   0.0000   0.0026  -0.1395    0.246
    13   5.8333   4.0417   1.8861   2.3960   0.0416   0.6151   0.5944   0.0114   0.0000   0.0028  -0.1411    0.245
    14   6.3000   3.9250   1.8317   2.3549   0.0410   0.6226   0.6016   0.0109   0.0000   0.0030  -0.1426    0.245
    15   6.7667   3.8083   1.7772   2.3109   0.0405   0.6297   0.6085   0.0104   0.0000   0.0031  -0.1441    0.245
    16   7.2333   3.6917   1.7228   2.2641   0.0399   0.6365   0.6151   0.0100   0.0000   0.0033  -0.1456    0.245
    17   7.7000   3.5750   1.6683   2.2144   0.0394   0.6429   0.6213   0.0096   0.0000   0.0034  -0.1469    0.244
    18   8.1667   3.4583   1.6139   2.1618   0.0389   0.6489   0.6270   0.0091   0.0000   0.0036  -0.1481    0.244
    19   8.6333   3.3417   1.5594   2.1061   0.0385   0.6543   0.6322   0.0087   0.0000   0.0038  -0.1492    0.244
    20   9.1000   3.2250   1.5050   2.0473   0.0381   0.6590   0.6369   0.0083   0.0000   0.0040  -0.1501    0.244
    21   9.5667   3.1083   1.4506   1.9850   0.0378   0.6630   0.6407   0.0079   0.0000   0.0043  -0.1507    0.243
    22  10.0333   2.9917   1.3961   1.9192   0.0375   0.6661   0.6437   0.0074   0.0000   0.0046  -0.1512    0.243
    23  10.5000   2.8750   1.3417   1.8493   0.0374   0.6679   0.6454   0.0072   0.0000   0.0049  -0.1513    0.242
    24  10.9667   2.7583   1.2872   1.7750   0.0373   0.6682   0.6457   0.0068   0.0000   0.0052  -0.1510    0.242
    25  11.4333   2.6417   1.2328   1.6954   0.0374   0.6665   0.6441   0.0065   0.0000   0.0055  -0.1503    0.241
    26  11.9000   2.5250   1.1783   1.6099   0.0375   0.6621   0.6398   0.0065   0.0000   0.0057  -0.1491    0.241
    27  12.3667   2.4083   1.1239   1.5171   0.0377   0.6541   0.6321   0.0066   0.0000   0.0055  -0.1475    0.241
    28  12.8333   2.2917   1.0694   1.4158   0.0380   0.6414   0.6199   0.0073   0.0000   0.0040  -0.1460    0.244
    29  13.3000   2.1750   1.0150   1.3046   0.0382   0.6225   0.6015   0.0099   0.0000  -0.0007  -0.1462    0.251
    30  13.7667   2.0583   0.9606   1.1843   0.0387   0.5963   0.5762   0.0183   0.0000  -0.0147  -0.1538    0.276

  Surface # 2     Wing (YDUP)                             
     # Chordwise = 10   # Spanwise = 30     First strip = 31
     Surface area =   52.500000       Ave. chord =    3.750000
     CLsurf  =   0.28947     Clsurf  =   0.06408
     CYsurf  =   0.00017     Cmsurf  =  -0.18237
     CDsurf  =   0.00647     Cnsurf  =   0.00489
     CDisurf =   0.00647     CDvsurf =   0.00000

  Forces referred to Ssurf, Cave about hinge axis thru LE
     CLsurf  =   0.57894     CDsurf  =   0.01294
     Deflect =

 Strip Forces referred to Strip Area, Chord
    j      Yle    Chord     Area     c cl      ai      cl_norm  cl       cd       cdv    cm_c/4    cm_LE  C.P.x/c
    31  -0.2333   5.4417   2.5394   2.6519   0.0464   0.5040   0.4870   0.0262   0.0000  -0.0093   0.1272    0.269
    32  -0.7000   5.3250   2.4850   2.6485   0.0463   0.5149   0.4976   0.0212   0.0000  -0.0065   0.1270    0.263
    33  -1.1667   5.2083   2.4306   2.6416   0.0461   0.5253   0.5076   0.0191   0.0000  -0.0043   0.1272    0.259
    34  -1.6333   5.0917   2.3761   2.6314   0.0459   0.5355   0.5174   0.0176   0.0000  -0.0026   0.1279    0.255
    35  -2.1000   4.9750   2.3217   2.6178   0.0456   0.5453   0.5270   0.0165   0.0000  -0.0013   0.1289    0.252
    36  -2.5667   4.8583   2.2672   2.6009   0.0452   0.5549   0.5363   0.0156   0.0000  -0.0003   0.1301    0.251
    37  -3.0333   4.7417   2.2128   2.5808   0.0448   0.5643   0.5453   0.0148   0.0000   0.0005   0.1315    0.249
    38  -3.5000   4.6250   2.1583   2.5576   0.0443   0.5734   0.5541   0.0141   0.0000   0.0011   0.1330    0.248
    39  -3.9667   4.5083   2.1039   2.5312   0.0438   0.5823   0.5627   0.0134   0.0000   0.0016   0.1346    0.247
    40  -4.4333   4.3917   2.0494   2.5019   0.0433   0.5909   0.5710   0.0129   0.0000   0.0020   0.1362    0.246
    41  -4.9000   4.2750   1.9950   2.4695   0.0428   0.5992   0.5791   0.0124   0.0000   0.0023   0.1379    0.246
    42  -5.3667   4.1583   1.9406   2.4342   0.0422   0.6073   0.5869   0.0119   0.0000   0.0026   0.1395    0.246
    43  -5.8333   4.0417   1.8861   2.3960   0.0416   0.6151   0.5944   0.0114   0.0000   0.0028   0.1411    0.245
    44  -6.3000   3.9250   1.8317   2.3549   0.0410   0.6226   0.6016   0.0109   0.0000   0.0030   0.1426    0.245
    45  -6.7667   3.8083   1.7772   2.3109   0.0405   0.6297   0.6085   0.0104   0.0000   0.0031   0.1441    0.245
    46  -7.2333   3.6917   1.7228   2.2641   0.0399   0.6365   0.6151   0.0100   0.0000   0.0033   0.1456    0.245
    47  -7.7000   3.5750   1.6683   2.2144   0.0394   0.6429   0.6213   0.0096   0.0000   0.0034   0.1469    0.244
    48  -8.1667   3.4583   1.6139   2.1618   0.0389   0.6489   0.6270   0.0091   0.0000   0.0036   0.1481    0.244
    49  -8.6333   3.3417   1.5594   2.1061   0.0385   0.6543   0.6322   0.0087   0.0000   0.0038   0.1492    0.244
    50  -9.1000   3.2250   1.5050   2.0473   0.0381   0.6590   0.6369   0.0083   0.0000   0.0040   0.1501    0.244
    51  -9.5667   3.1083   1.4506   1.9850   0.0378   0.6630   0.6407   0.0079   0.0000   0.0043   0.1507    0.243
    52 -10.0333   2.9917   1.3961   1.9192   0.0375   0.6661   0.6437   0.0074   0.0000   0.0046   0.1512    0.243
    53 -10.5000   2.8750   1.3417   1.8493   0.0374   0.6679   0.6454   0.0072   0.0000   0.0049   0.1513    0.242
    54 -10.9667   2.7583   1.2872   1.7750   0.0373   0.6682   0.6457   0.0067   0.0000   0.0052   0.1510    0.242
    55 -11.4333   2.6417   1.2328   1.6954   0.0374   0.6665   0.6441   0.0065   0.0000   0.0055   0.1503    0.241
    56 -11.9000   2.5250   1.1783   1.6099   0.0375   0.6621   0.6398   0.0065   0.0000   0.0057   0.1491    0.241
    57 -12.3667   2.4083   1.1239   1.5171   0.0377   0.6541   0.6321   0.0066   0.0000   0.0055   0.1475    0.241
    58 -12.8333   2.2917   1.0694   1.4158   0.0380   0.6414   0.6199   0.0073   0.0000   0.0040   0.1460    0.244
    59 -13.3000   2.1750   1.0150   1.3046   0.0382   0.6225   0.6015   0.0099   0.0000  -0.0007   0.1462    0.251
    60 -13.7667   2.0583   0.9606   1.1843   0.0387   0.5963   0.5762   0.0182   0.0000  -0.0147   0.1538    0.276

  Surface # 3     Winglet                                 
     # Chordwise = 10   # Spanwise = 30     First strip = 61
     Surface area =    1.624000       Ave. chord =    1.120000
     CLsurf  =   0.01053     Clsurf  =  -0.00543
     CYsurf  =   0.00042     Cmsurf  =  -0.01166
     CDsurf  =  -0.00069     Cnsurf  =  -0.00093
     CDisurf =  -0.00069     CDvsurf =   0.00000

  Forces referred to Ssurf, Cave about hinge axis thru LE
     CLsurf  =   0.68095     CDsurf  =  -0.04476
     Deflect =

 Strip Forces referred to Strip Area, Chord
    j      Yle    Chord     Area     c cl      ai      cl_norm  cl       cd       cdv    cm_c/4    cm_LE  C.P.x/c
    61  14.0242   1.5840   0.0766   1.1338   0.0400   0.8582   0.7339  -0.1577   0.0000   0.0336  -0.1258    0.204
    62  14.0725   1.5520   0.0750   1.1042   0.0394   0.8460   0.7234  -0.0925   0.0000   0.0282  -0.1295    0.211
    63  14.1208   1.5200   0.0735   1.0791   0.0390   0.8412   0.7193  -0.0654   0.0000   0.0251  -0.1319    0.215
    64  14.1692   1.4880   0.0719   1.0558   0.0388   0.8394   0.7178  -0.0535   0.0000   0.0230  -0.1336    0.218
    65  14.2175   1.4560   0.0704   1.0333   0.0387   0.8386   0.7171  -0.0451   0.0000   0.0216  -0.1348    0.220
    66  14.2658   1.4240   0.0688   1.0112   0.0386   0.8385   0.7170  -0.0392   0.0000   0.0206  -0.1358    0.221
    67  14.3142   1.3920   0.0673   0.9893   0.0385   0.8388   0.7173  -0.0362   0.0000   0.0200  -0.1364    0.222
    68  14.3625   1.3600   0.0657   0.9673   0.0385   0.8394   0.7177  -0.0350   0.0000   0.0196  -0.1369    0.223
    69  14.4108   1.3280   0.0642   0.9452   0.0385   0.8396   0.7179  -0.0317   0.0000   0.0194  -0.1372    0.223
    70  14.4592   1.2960   0.0626   0.9229   0.0385   0.8399   0.7182  -0.0309   0.0000   0.0194  -0.1372    0.223
    71  14.5075   1.2640   0.0611   0.9002   0.0386   0.8399   0.7182  -0.0298   0.0000   0.0196  -0.1371    0.223
    72  14.5558   1.2320   0.0595   0.8771   0.0386   0.8396   0.7179  -0.0297   0.0000   0.0199  -0.1368    0.222
    73  14.6042   1.2000   0.0580   0.8536   0.0388   0.8388   0.7173  -0.0293   0.0000   0.0203  -0.1363    0.222
    74  14.6525   1.1680   0.0565   0.8295   0.0390   0.8374   0.7161  -0.0289   0.0000   0.0209  -0.1355    0.221
    75  14.7008   1.1360   0.0549   0.8048   0.0392   0.8355   0.7144  -0.0294   0.0000   0.0217  -0.1345    0.220
    76  14.7492   1.1040   0.0534   0.7794   0.0395   0.8327   0.7120  -0.0306   0.0000   0.0226  -0.1332    0.218
    77  14.7975   1.0720   0.0518   0.7532   0.0398   0.8287   0.7086  -0.0304   0.0000   0.0236  -0.1316    0.217
    78  14.8458   1.0400   0.0503   0.7261   0.0402   0.8237   0.7043  -0.0320   0.0000   0.0248  -0.1296    0.215
    79  14.8942   1.0080   0.0487   0.6979   0.0407   0.8170   0.6987  -0.0336   0.0000   0.0262  -0.1271    0.213
    80  14.9425   0.9760   0.0472   0.6686   0.0413   0.8083   0.6912  -0.0330   0.0000   0.0277  -0.1242    0.210
    81  14.9908   0.9440   0.0456   0.6378   0.0420   0.7972   0.6817  -0.0326   0.0000   0.0294  -0.1207    0.207
    82  15.0392   0.9120   0.0441   0.6054   0.0427   0.7835   0.6700  -0.0343   0.0000   0.0312  -0.1166    0.203
    83  15.0875   0.8800   0.0425   0.5710   0.0436   0.7662   0.6552  -0.0368   0.0000   0.0332  -0.1116    0.199
    84  15.1358   0.8480   0.0410   0.5341   0.0446   0.7442   0.6363  -0.0386   0.0000   0.0353  -0.1057    0.195
    85  15.1842   0.8160   0.0394   0.4943   0.0457   0.7157   0.6120  -0.0366   0.0000   0.0374  -0.0987    0.189
    86  15.2325   0.7840   0.0379   0.4507   0.0470   0.6793   0.5809  -0.0363   0.0000   0.0393  -0.0904    0.182
    87  15.2808   0.7520   0.0363   0.4019   0.0484   0.6319   0.5403  -0.0371   0.0000   0.0408  -0.0803    0.175
    88  15.3292   0.7200   0.0348   0.3457   0.0499   0.5683   0.4859  -0.0388   0.0000   0.0412  -0.0682    0.165
    89  15.3775   0.6880   0.0333   0.2776   0.0517   0.4780   0.4087  -0.0363   0.0000   0.0392  -0.0534    0.154
    90  15.4258   0.6560   0.0317   0.1859   0.0537   0.3364   0.2877  -0.0328   0.0000   0.0314  -0.0341    0.141

  Surface # 4     Winglet (YDUP)                          
     # Chordwise = 10   # Spanwise = 30     First strip = 91
     Surface area =    1.624000       Ave. chord =    1.120000
     CLsurf  =   0.01053     Clsurf  =   0.00543
     CYsurf  =  -0.00042     Cmsurf  =  -0.01166
     CDsurf  =  -0.00070     Cnsurf  =   0.00093
     CDisurf =  -0.00070     CDvsurf =   0.00000

  Forces referred to Ssurf, Cave about hinge axis thru LE
     CLsurf  =   0.68097     CDsurf  =  -0.04494
     Deflect =

 Strip Forces referred to Strip Area, Chord
    j      Yle    Chord     Area     c cl      ai      cl_norm  cl       cd       cdv    cm_c/4    cm_LE  C.P.x/c
    91 -14.0242   1.5840   0.0766   1.1338   0.0400   0.8583   0.7339  -0.1582   0.0000   0.0336   0.1258    0.204
    92 -14.0725   1.5520   0.0750   1.1042   0.0394   0.8460   0.7234  -0.0925   0.0000   0.0282   0.1295    0.211
    93 -14.1208   1.5200   0.0735   1.0791   0.0390   0.8412   0.7193  -0.0653   0.0000   0.0251   0.1319    0.215
    94 -14.1692   1.4880   0.0719   1.0558   0.0388   0.8396   0.7180  -0.0558   0.0000   0.0230   0.1336    0.218
    95 -14.2175   1.4560   0.0704   1.0333   0.0387   0.8386   0.7171  -0.0449   0.0000   0.0216   0.1348    0.220
    96 -14.2658   1.4240   0.0688   1.0112   0.0386   0.8386   0.7170  -0.0397   0.0000   0.0206   0.1358    0.221
    97 -14.3142   1.3920   0.0673   0.9893   0.0385   0.8388   0.7173  -0.0360   0.0000   0.0200   0.1364    0.222
    98 -14.3625   1.3600   0.0657   0.9673   0.0385   0.8393   0.7177  -0.0343   0.0000   0.0196   0.1369    0.223
    99 -14.4108   1.3280   0.0642   0.9452   0.0385   0.8396   0.7180  -0.0321   0.0000   0.0194   0.1372    0.223
   100 -14.4592   1.2960   0.0626   0.9229   0.0385   0.8399   0.7182  -0.0309   0.0000   0.0194   0.1372    0.223
   101 -14.5075   1.2640   0.0611   0.9002   0.0386   0.8399   0.7182  -0.0299   0.0000   0.0196   0.1371    0.223
   102 -14.5558   1.2320   0.0595   0.8771   0.0386   0.8396   0.7180  -0.0301   0.0000   0.0199   0.1368    0.222
   103 -14.6042   1.2000   0.0580   0.8536   0.0388   0.8388   0.7173  -0.0295   0.0000   0.0203   0.1363    0.222
   104 -14.6525   1.1680   0.0565   0.8295   0.0390   0.8374   0.7161  -0.0288   0.0000   0.0209   0.1355    0.221
   105 -14.7008   1.1360   0.0549   0.8048   0.0392   0.8355   0.7144  -0.0294   0.0000   0.0217   0.1345    0.220
   106 -14.7492   1.1040   0.0534   0.7794   0.0395   0.8327   0.7120  -0.0305   0.0000   0.0226   0.1332    0.218
   107 -14.7975   1.0720   0.0518   0.7532   0.0398   0.8288   0.7087  -0.0310   0.0000   0.0236   0.1316    0.217
   108 -14.8458   1.0400   0.0503   0.7261   0.0402   0.8236   0.7043  -0.0317   0.0000   0.0248   0.1296    0.215
   109 -14.8942   1.0080   0.0487   0.6979   0.0407   0.8171   0.6987  -0.0340   0.0000   0.0262   0.1271    0.213
   110 -14.9425   0.9760   0.0472   0.6686   0.0413   0.8083   0.6912  -0.0331   0.0000   0.0277   0.1242    0.210
   111 -14.9908   0.9440   0.0456   0.6378   0.0420   0.7972   0.6817  -0.0327   0.0000   0.0294   0.1207    0.207
   112 -15.0392   0.9120   0.0441   0.6054   0.0427   0.7836   0.6701  -0.0353   0.0000   0.0312   0.1166    0.203
   113 -15.0875   0.8800   0.0425   0.5710   0.0436   0.7660   0.6550  -0.0345   0.0000   0.0332   0.1116    0.199
   114 -15.1358   0.8480   0.0410   0.5341   0.0446   0.7441   0.6362  -0.0376   0.0000   0.0353   0.1057    0.195
   115 -15.1842   0.8160   0.0394   0.4943   0.0457   0.7158   0.6121  -0.0380   0.0000   0.0374   0.0987    0.189
   116 -15.2325   0.7840   0.0379   0.4507   0.0470   0.6794   0.5810  -0.0374   0.0000   0.0393   0.0904    0.182
   117 -15.2808   0.7520   0.0363   0.4019   0.0484   0.6321   0.5405  -0.0391   0.0000   0.0408   0.0803    0.175
   118 -15.3292   0.7200   0.0348   0.3457   0.0499   0.5681   0.4858  -0.0373   0.0000   0.0412   0.0682    0.165
   119 -15.3775   0.6880   0.0333   0.2776   0.0517   0.4780   0.4088  -0.0368   0.0000   0.0392   0.0534    0.154
   120 -15.4258   0.6560   0.0317   0.1859   0.0537   0.3363   0.2876  -0.0319   0.0000   0.0314   0.0341    0.141
 ---------------------------------------------------------------
