 ---------------------------------------------------------------
 Surface and Strip Forces by surface

  Forces referred to Sref, Cref, Bref about Xref, Yref, Zref
 Standard axis orientation,  X fwd, Z down         

  Surface # 1     Wing                                    
     # Chordwise = 10   # Spanwise = 30     First strip =  1
     Surface area =   52.500000       Ave. chord =    3.750000
     CLsurf  =   0.29944     Clsurf  =  -0.06621
     CYsurf  =  -0.00024     Cmsurf  =  -0.18850
     CDsurf  =   0.00729     Cnsurf  =  -0.00516
     CDisurf =   0.00729     CDvsurf =   0.00000

  Forces referred to Ssurf, Cave about hinge axis thru LE
     CLsurf  =   0.59887     CDsurf  =   0.01459
     Deflect =

 Strip Forces referred to Strip Area, Chord
    j      Yle    Chord     Area     c cl      ai      cl_norm  cl       cd       cdv    cm_c/4    cm_LE  C.P.x/c
     1   0.2333   5.4417   2.5394   2.7501   0.0492   0.5226   0.5050   0.0285   0.0000  -0.0095  -0.1318    0.269
     2   0.7000   5.3250   2.4850   2.7465   0.0491   0.5340   0.5160   0.0230   0.0000  -0.0066  -0.1315    0.263
     3   1.1667   5.2083   2.4306   2.7392   0.0490   0.5448   0.5264   0.0208   0.0000  -0.0043  -0.1317    0.258
     4   1.6333   5.0917   2.3761   2.7284   0.0487   0.5552   0.5366   0.0192   0.0000  -0.0025  -0.1324    0.255
     5   2.1000   4.9750   2.3217   2.7141   0.0484   0.5654   0.5464   0.0180   0.0000  -0.0012  -0.1334    0.252
     6   2.5667   4.8583   2.2672   2.6964   0.0481   0.5754   0.5560   0.0170   0.0000  -0.0001  -0.1347    0.250
     7   3.0333   4.7417   2.2128   2.6752   0.0477   0.5850   0.5653   0.0162   0.0000   0.0007  -0.1361    0.249
     8   3.5000   4.6250   2.1583   2.6507   0.0472   0.5944   0.5744   0.0155   0.0000   0.0014  -0.1377    0.248
     9   3.9667   4.5083   2.1039   2.6229   0.0467   0.6035   0.5832   0.0147   0.0000   0.0019  -0.1393    0.247
    10   4.4333   4.3917   2.0494   2.5919   0.0462   0.6122   0.5917   0.0142   0.0000   0.0023  -0.1409    0.246
    11   4.9000   4.2750   1.9950   2.5577   0.0457   0.6207   0.5999   0.0137   0.0000   0.0026  -0.1425    0.246
    12   5.3667   4.1583   1.9406   2.5204   0.0452   0.6289   0.6078   0.0131   0.0000   0.0029  -0.1442    0.245
    13   5.8333   4.0417   1.8861   2.4801   0.0446   0.6368   0.6154   0.0126   0.0000   0.0032  -0.1458    0.245
    14   6.3000   3.9250   1.8317   2.4366   0.0441   0.6443   0.6226   0.0120   0.0000   0.0034  -0.1473    0.245
    15   6.7667   3.8083   1.7772   2.3901   0.0436   0.6514   0.6295   0.0116   0.0000   0.0036  -0.1488    0.244
    16   7.2333   3.6917   1.7228   2.3405   0.0431   0.6581   0.6360   0.0111   0.0000   0.0037  -0.1501    0.244
    17   7.7000   3.5750   1.6683   2.2878   0.0426   0.6644   0.6420   0.0107   0.0000   0.0039  -0.1514    0.244
    18   8.1667   3.4583   1.6139   2.2320   0.0422   0.6701   0.6475   0.0102   0.0000   0.0041  -0.1525    0.244
    19   8.6333   3.3417   1.5594   2.1729   0.0419   0.6751   0.6524   0.0098   0.0000   0.0044  -0.1535    0.243
    20   9.1000   3.2250   1.5050   2.1104   0.0417   0.6795   0.6566   0.0094   0.0000   0.0046  -0.1542    0.243
    21   9.5667   3.1083   1.4506   2.0444   0.0415   0.6830   0.6600   0.0090   0.0000   0.0049  -0.1548    0.243
    22  10.0333   2.9917   1.3961   1.9745   0.0414   0.6854   0.6624   0.0086   0.0000   0.0052  -0.1550    0.242
    23  10.5000   2.8750   1.3417   1.9006   0.0415   0.6865   0.6634   0.0084   0.0000   0.0055  -0.1550    0.242
    24  10.9667   2.7583   1.2872   1.8222   0.0417   0.6861   0.6630   0.0081   0.0000   0.0058  -0.1546    0.241
    25  11.4333   2.6417   1.2328   1.7390   0.0420   0.6837   0.6607   0.0081   0.0000   0.0059  -0.1539    0.241
    26  11.9000   2.5250   1.1783   1.6507   0.0424   0.6789   0.6561   0.0084   0.0000   0.0057  -0.1531    0.241
    27  12.3667   2.4083   1.1239   1.5573   0.0430   0.6715   0.6489   0.0090   0.0000   0.0045  -0.1525    0.243
    28  12.8333   2.2917   1.0694   1.4593   0.0440   0.6610   0.6388   0.0107   0.0000   0.0014  -0.1531    0.248
    29  13.3000   2.1750   1.0150   1.3582   0.0462   0.6478   0.6260   0.0149   0.0000  -0.0060  -0.1573    0.260
    30  13.7667   2.0583   0.9606   1.2584   0.0518   0.6331   0.6118   0.0260   0.0000  -0.0224  -0.1700    0.287

  Surface # 2     Wing (YDUP)                             
     # Chordwise = 10   # Spanwise = 30     First strip = 31
     Surface area =   52.500000       Ave. chord =    3.750000
     CLsurf  =   0.29944     Clsurf  =   0.06621
     CYsurf  =   0.00024     Cmsurf  =  -0.18850
     CDsurf  =   0.00729     Cnsurf  =   0.00516
     CDisurf =   0.00729     CDvsurf =   0.00000

  Forces referred to Ssurf, Cave about hinge axis thru LE
     CLsurf  =   0.59887     CDsurf  =   0.01458
     Deflect =

 Strip Forces referred to Strip Area, Chord
    j      Yle    Chord     Area     c cl      ai      cl_norm  cl       cd       cdv    cm_c/4    cm_LE  C.P.x/c
    31  -0.2333   5.4417   2.5394   2.7501   0.0492   0.5226   0.5050   0.0285   0.0000  -0.0095   0.1318    0.269
    32  -0.7000   5.3250   2.4850   2.7465   0.0491   0.5340   0.5160   0.0230   0.0000  -0.0066   0.1315    0.263
    33  -1.1667   5.2083   2.4306   2.7392   0.0490   0.5448   0.5264   0.0208   0.0000  -0.0043   0.1317    0.258
    34  -1.6333   5.0917   2.3761   2.7284   0.0487   0.5553   0.5366   0.0192   0.0000  -0.0025   0.1324    0.255
    35  -2.1000   4.9750   2.3217   2.7141   0.0484   0.5654   0.5464   0.0180   0.0000  -0.0012   0.1334    0.252
    36  -2.5667   4.8583   2.2672   2.6964   0.0481   0.5754   0.5560   0.0170   0.0000  -0.0001   0.1347    0.250
    37  -3.0333   4.7417   2.2128   2.6752   0.0477   0.5850   0.5653   0.0162   0.0000   0.0007   0.1361    0.249
    38  -3.5000   4.6250   2.1583   2.6507   0.0472   0.5944   0.5744   0.0155   0.0000   0.0014   0.1377    0.248
    39  -3.9667   4.5083   2.1039   2.6229   0.0467   0.6035   0.5832   0.0147   0.0000   0.0019   0.1393    0.247
    40  -4.4333   4.3917   2.0494   2.5919   0.0462   0.6122   0.5917   0.0142   0.0000   0.0023   0.1409    0.246
    41  -4.9000   4.2750   1.9950   2.5577   0.0457   0.6207   0.5999   0.0137   0.0000   0.0026   0.1425    0.246
    42  -5.3667   4.1583   1.9406   2.5204   0.0452   0.6289   0.6078   0.0130   0.0000   0.0029   0.1442    0.245
    43  -5.8333   4.0417   1.8861   2.4801   0.0446   0.6368   0.6154   0.0126   0.0000   0.0032   0.1458    0.245
    44  -6.3000   3.9250   1.8317   2.4366   0.0441   0.6443   0.6226   0.0120   0.0000   0.0034   0.1473    0.245
    45  -6.7667   3.8083   1.7772   2.3901   0.0436   0.6514   0.6295   0.0116   0.0000   0.0036   0.1488    0.244
    46  -7.2333   3.6917   1.7228   2.3405   0.0431   0.6581   0.6360   0.0111   0.0000   0.0037   0.1501    0.244
    47  -7.7000   3.5750   1.6683   2.2878   0.0426   0.6644   0.6420   0.0107   0.0000   0.0039   0.1514    0.244
    48  -8.1667   3.4583   1.6139   2.2320   0.0422   0.6701   0.6475   0.0102   0.0000   0.0041   0.1525    0.244
    49  -8.6333   3.3417   1.5594   2.1729   0.0419   0.6751   0.6524   0.0098   0.0000   0.0044   0.1535    0.243
    50  -9.1000   3.2250   1.5050   2.1104   0.0417   0.6795   0.6567   0.0094   0.0000   0.0046   0.1542    0.243
    51  -9.5667   3.1083   1.4506   2.0444   0.0415   0.6830   0.6600   0.0090   0.0000   0.0049   0.1548    0.243
    52 -10.0333   2.9917   1.3961   1.9745   0.0414   0.6854   0.6624   0.0086   0.0000   0.0052   0.1550    0.242
    53 -10.5000   2.8750   1.3417   1.9006   0.0415   0.6865   0.6634   0.0084   0.0000   0.0055   0.1550    0.242
    54 -10.9667   2.7583   1.2872   1.8222   0.0417   0.6861   0.6630   0.0081   0.0000   0.0058   0.1546    0.241
    55 -11.4333   2.6417   1.2328   1.7390   0.0420   0.6837   0.6607   0.0080   0.0000   0.0059   0.1539    0.241
    56 -11.9000   2.5250   1.1783   1.6507   0.0424   0.6789   0.6561   0.0084   0.0000   0.0057   0.1531    0.241
    57 -12.3667   2.4083   1.1239   1.5573   0.0430   0.6715   0.6489   0.0090   0.0000   0.0045   0.1525    0.243
    58 -12.8333   2.2917   1.0694   1.4593   0.0440   0.6610   0.6388   0.0107   0.0000   0.0014   0.1531    0.248
    59 -13.3000   2.1750   1.0150   1.3582   0.0462   0.6478   0.6260   0.0149   0.0000  -0.0060   0.1573    0.260
    60 -13.7667   2.0583   0.9606   1.2584   0.0518   0.6331   0.6118   0.0258   0.0000  -0.0224   0.1700    0.287

  Surface # 3     Winglet                                 
     # Chordwise = 10   # Spanwise = 30     First strip = 61
     Surface area =    1.881600       Ave. chord =    1.120000
     CLsurf  =   0.00056     Clsurf  =  -0.00042
     CYsurf  =  -0.00970     Cmsurf  =  -0.00061
     CDsurf  =  -0.00093     Cnsurf  =   0.00107
     CDisurf =  -0.00093     CDvsurf =   0.00000

  Forces referred to Ssurf, Cave about hinge axis thru LE
     CLsurf  =   0.54104     CDsurf  =  -0.05187
     Deflect =

 Strip Forces referred to Strip Area, Chord
    j      Yle    Chord     Area     c cl      ai      cl_norm  cl       cd       cdv    cm_c/4    cm_LE  C.P.x/c
    61  14.0000   1.5840   0.0887   1.2231  -0.0181   0.9445   0.7721  -0.1668   0.0000   0.0377  -0.1625    0.201
    62  14.0000   1.5520   0.0869   1.0728  -0.0214   0.8455   0.6912  -0.1054   0.0000   0.0196  -0.1592    0.222
    63  14.0000   1.5200   0.0851   1.0077  -0.0238   0.8110   0.6630  -0.0807   0.0000   0.0145  -0.1566    0.228
    64  14.0000   1.4880   0.0833   0.9593  -0.0255   0.7886   0.6447  -0.0678   0.0000   0.0119  -0.1542    0.232
    65  14.0000   1.4560   0.0815   0.9173  -0.0268   0.7707   0.6300  -0.0610   0.0000   0.0102  -0.1520    0.234
    66  14.0000   1.4240   0.0797   0.8789  -0.0279   0.7550   0.6172  -0.0554   0.0000   0.0088  -0.1499    0.236
    67  14.0000   1.3920   0.0780   0.8431  -0.0289   0.7409   0.6057  -0.0529   0.0000   0.0078  -0.1478    0.237
    68  14.0000   1.3600   0.0762   0.8093  -0.0297   0.7279   0.5951  -0.0494   0.0000   0.0071  -0.1458    0.238
    69  14.0000   1.3280   0.0744   0.7772  -0.0305   0.7159   0.5852  -0.0471   0.0000   0.0065  -0.1438    0.239
    70  14.0000   1.2960   0.0726   0.7463  -0.0311   0.7044   0.5759  -0.0459   0.0000   0.0061  -0.1417    0.239
    71  14.0000   1.2640   0.0708   0.7165  -0.0317   0.6934   0.5669  -0.0440   0.0000   0.0059  -0.1397    0.240
    72  14.0000   1.2320   0.0690   0.6876  -0.0321   0.6827   0.5581  -0.0431   0.0000   0.0058  -0.1375    0.240
    73  14.0000   1.2000   0.0672   0.6594  -0.0326   0.6721   0.5495  -0.0416   0.0000   0.0058  -0.1353    0.239
    74  14.0000   1.1680   0.0654   0.6317  -0.0329   0.6616   0.5409  -0.0405   0.0000   0.0059  -0.1331    0.239
    75  14.0000   1.1360   0.0636   0.6045  -0.0331   0.6509   0.5321  -0.0391   0.0000   0.0061  -0.1307    0.238
    76  14.0000   1.1040   0.0618   0.5776  -0.0333   0.6400   0.5232  -0.0377   0.0000   0.0065  -0.1281    0.238
    77  14.0000   1.0720   0.0600   0.5510  -0.0334   0.6287   0.5140  -0.0377   0.0000   0.0069  -0.1254    0.237
    78  14.0000   1.0400   0.0582   0.5245  -0.0334   0.6169   0.5043  -0.0371   0.0000   0.0075  -0.1225    0.235
    79  14.0000   1.0080   0.0564   0.4979  -0.0333   0.6043   0.4940  -0.0353   0.0000   0.0081  -0.1193    0.234
    80  14.0000   0.9760   0.0547   0.4713  -0.0331   0.5907   0.4829  -0.0345   0.0000   0.0089  -0.1158    0.232
    81  14.0000   0.9440   0.0529   0.4444  -0.0329   0.5758   0.4707  -0.0341   0.0000   0.0098  -0.1119    0.229
    82  14.0000   0.9120   0.0511   0.4170  -0.0325   0.5593   0.4573  -0.0324   0.0000   0.0109  -0.1076    0.226
    83  14.0000   0.8800   0.0493   0.3890  -0.0320   0.5407   0.4421  -0.0316   0.0000   0.0120  -0.1027    0.223
    84  14.0000   0.8480   0.0475   0.3601  -0.0314   0.5194   0.4246  -0.0305   0.0000   0.0133  -0.0972    0.219
    85  14.0000   0.8160   0.0457   0.3298  -0.0308   0.4944   0.4042  -0.0285   0.0000   0.0147  -0.0908    0.214
    86  14.0000   0.7840   0.0439   0.2977  -0.0299   0.4645   0.3797  -0.0271   0.0000   0.0160  -0.0834    0.208
    87  14.0000   0.7520   0.0421   0.2629  -0.0290   0.4276   0.3496  -0.0255   0.0000   0.0173  -0.0747    0.201
    88  14.0000   0.7200   0.0403   0.2240  -0.0278   0.3806   0.3112  -0.0240   0.0000   0.0181  -0.0641    0.192
    89  14.0000   0.6880   0.0385   0.1783  -0.0265   0.3171   0.2592  -0.0201   0.0000   0.0179  -0.0510    0.181
    90  14.0000   0.6560   0.0367   0.1184  -0.0250   0.2208   0.1805  -0.0159   0.0000   0.0149  -0.0335    0.168

  Surface # 4     Winglet (YDUP)                          
     # Chordwise = 10   # Spanwise = 30     First strip = 91
     Surface area =    1.881600       Ave. chord =    1.120000
     CLsurf  =   0.00056     Clsurf  =   0.00042
     CYsurf  =   0.00970     Cmsurf  =  -0.00061
     CDsurf  =  -0.00093     Cnsurf  =  -0.00107
     CDisurf =  -0.00093     CDvsurf =   0.00000

  Forces referred to Ssurf, Cave about hinge axis thru LE
     CLsurf  =   0.54104     CDsurf  =  -0.05197
     Deflect =

 Strip Forces referred to Strip Area, Chord
    j      Yle    Chord     Area     c cl      ai      cl_norm  cl       cd       cdv    cm_c/4    cm_LE  C.P.x/c
    91 -14.0000   1.5840   0.0887   1.2231  -0.0181   0.9445   0.7721  -0.1664   0.0000   0.0377   0.1625    0.201
    92 -14.0000   1.5520   0.0869   1.0728  -0.0214   0.8455   0.6912  -0.1059   0.0000   0.0196   0.1592    0.222
    93 -14.0000   1.5200   0.0851   1.0077  -0.0238   0.8110   0.6630  -0.0803   0.0000   0.0145   0.1566    0.228
    94 -14.0000   1.4880   0.0833   0.9593  -0.0255   0.7886   0.6447  -0.0682   0.0000   0.0119   0.1542    0.232
    95 -14.0000   1.4560   0.0815   0.9173  -0.0268   0.7707   0.6300  -0.0613   0.0000   0.0102   0.1520    0.234
    96 -14.0000   1.4240   0.0797   0.8789  -0.0279   0.7550   0.6172  -0.0560   0.0000   0.0088   0.1499    0.236
    97 -14.0000   1.3920   0.0780   0.8431  -0.0289   0.7409   0.6057  -0.0527   0.0000   0.0078   0.1478    0.237
    98 -14.0000   1.3600   0.0762   0.8093  -0.0297   0.7279   0.5951  -0.0496   0.0000   0.0071   0.1458    0.238
    99 -14.0000   1.3280   0.0744   0.7772  -0.0305   0.7159   0.5852  -0.0474   0.0000   0.0065   0.1438    0.239
   100 -14.0000   1.2960   0.0726   0.7463  -0.0311   0.7044   0.5759  -0.0455   0.0000   0.0061   0.1417    0.239
   101 -14.0000   1.2640   0.0708   0.7165  -0.0317   0.6934   0.5669  -0.0444   0.0000   0.0059   0.1397    0.240
   102 -14.0000   1.2320   0.0690   0.6876  -0.0321   0.6827   0.5581  -0.0430   0.0000   0.0058   0.1375    0.240
   103 -14.0000   1.2000   0.0672   0.6594  -0.0326   0.6721   0.5495  -0.0416   0.0000   0.0058   0.1353    0.239
   104 -14.0000   1.1680   0.0654   0.6317  -0.0329   0.6616   0.5409  -0.0402   0.0000   0.0059   0.1331    0.239
   105 -14.0000   1.1360   0.0636   0.6045  -0.0331   0.6509   0.5321  -0.0395   0.0000   0.0061   0.1307    0.238
   106 -14.0000   1.1040   0.0618   0.5776  -0.0333   0.6400   0.5232  -0.0384   0.0000   0.0065   0.1281    0.238
   107 -14.0000   1.0720   0.0600   0.5510  -0.0334   0.6287   0.5140  -0.0375   0.0000   0.0069   0.1254    0.237
   108 -14.0000   1.0400   0.0582   0.5245  -0.0334   0.6169   0.5043  -0.0373   0.0000   0.0075   0.1225    0.235
   109 -14.0000   1.0080   0.0564   0.4979  -0.0333   0.6043   0.4940  -0.0353   0.0000   0.0081   0.1193    0.234
   110 -14.0000   0.9760   0.0547   0.4713  -0.0331   0.5907   0.4829  -0.0350   0.0000   0.0089   0.1158    0.232
   111 -14.0000   0.9440   0.0529   0.4444  -0.0329   0.5758   0.4707  -0.0337   0.0000   0.0098   0.1119    0.229
   112 -14.0000   0.9120   0.0511   0.4170  -0.0325   0.5593   0.4573  -0.0323   0.0000   0.0109   0.1076    0.226
   113 -14.0000   0.8800   0.0493   0.3890  -0.0320   0.5407   0.4421  -0.0326   0.0000   0.0120   0.1027    0.223
   114 -14.0000   0.8480   0.0475   0.3601  -0.0314   0.5194   0.4246  -0.0300   0.0000   0.0133   0.0972    0.219
   115 -14.0000   0.8160   0.0457   0.3298  -0.0307   0.4944   0.4042  -0.0296   0.0000   0.0147   0.0908    0.214
   116 -14.0000   0.7840   0.0439   0.2977  -0.0299   0.4645   0.3797  -0.0273   0.0000   0.0160   0.0834    0.208
   117 -14.0000   0.7520   0.0421   0.2629  -0.0290   0.4276   0.3496  -0.0250   0.0000   0.0173   0.0747    0.201
   118 -14.0000   0.7200   0.0403   0.2240  -0.0278   0.3806   0.3112  -0.0239   0.0000   0.0181   0.0641    0.192
   119 -14.0000   0.6880   0.0385   0.1783  -0.0265   0.3171   0.2592  -0.0207   0.0000   0.0179   0.0510    0.181
   120 -14.0000   0.6560   0.0367   0.1184  -0.0250   0.2208   0.1805  -0.0152   0.0000   0.0149   0.0335    0.168
 ---------------------------------------------------------------
