 ---------------------------------------------------------------
 Surface and Strip Forces by surface

  Forces referred to Sref, Cref, Bref about Xref, Yref, Zref
 Standard axis orientation,  X fwd, Z down         

  Surface # 1     Wing                                    
     # Chordwise = 10   # Spanwise = 30     First strip =  1
     Surface area =   52.500000       Ave. chord =    3.750000
     CLsurf  =   0.29070     Clsurf  =  -0.06442
     CYsurf  =  -0.00018     Cmsurf  =  -0.18325
     CDsurf  =   0.00659     Cnsurf  =  -0.00491
     CDisurf =   0.00659     CDvsurf =   0.00000

  Forces referred to Ssurf, Cave about hinge axis thru LE
     CLsurf  =   0.58141     CDsurf  =   0.01318
     Deflect =

 Strip Forces referred to Strip Area, Chord
    j      Yle    Chord     Area     c cl      ai      cl_norm  cl       cd       cdv    cm_c/4    cm_LE  C.P.x/c
     1   0.2333   5.4417   2.5394   2.6609   0.0466   0.5057   0.4887   0.0264   0.0000  -0.0093  -0.1276    0.269
     2   0.7000   5.3250   2.4850   2.6575   0.0466   0.5167   0.4993   0.0213   0.0000  -0.0065  -0.1274    0.263
     3   1.1667   5.2083   2.4306   2.6506   0.0464   0.5271   0.5094   0.0193   0.0000  -0.0043  -0.1276    0.258
     4   1.6333   5.0917   2.3761   2.6403   0.0461   0.5373   0.5192   0.0178   0.0000  -0.0026  -0.1283    0.255
     5   2.1000   4.9750   2.3217   2.6266   0.0458   0.5472   0.5288   0.0167   0.0000  -0.0013  -0.1293    0.252
     6   2.5667   4.8583   2.2672   2.6097   0.0455   0.5568   0.5381   0.0157   0.0000  -0.0003  -0.1305    0.251
     7   3.0333   4.7417   2.2128   2.5896   0.0451   0.5662   0.5472   0.0150   0.0000   0.0005  -0.1319    0.249
     8   3.5000   4.6250   2.1583   2.5662   0.0446   0.5754   0.5560   0.0143   0.0000   0.0011  -0.1335    0.248
     9   3.9667   4.5083   2.1039   2.5398   0.0441   0.5843   0.5646   0.0135   0.0000   0.0016  -0.1350    0.247
    10   4.4333   4.3917   2.0494   2.5103   0.0436   0.5929   0.5729   0.0131   0.0000   0.0020  -0.1367    0.246
    11   4.9000   4.2750   1.9950   2.4778   0.0430   0.6013   0.5810   0.0126   0.0000   0.0023  -0.1383    0.246
    12   5.3667   4.1583   1.9406   2.4424   0.0425   0.6094   0.5888   0.0120   0.0000   0.0026  -0.1399    0.246
    13   5.8333   4.0417   1.8861   2.4040   0.0419   0.6172   0.5964   0.0115   0.0000   0.0028  -0.1415    0.245
    14   6.3000   3.9250   1.8317   2.3628   0.0413   0.6247   0.6036   0.0110   0.0000   0.0030  -0.1431    0.245
    15   6.7667   3.8083   1.7772   2.3187   0.0408   0.6318   0.6106   0.0106   0.0000   0.0031  -0.1446    0.245
    16   7.2333   3.6917   1.7228   2.2717   0.0402   0.6387   0.6172   0.0101   0.0000   0.0033  -0.1460    0.245
    17   7.7000   3.5750   1.6683   2.2219   0.0397   0.6451   0.6234   0.0097   0.0000   0.0035  -0.1474    0.244
    18   8.1667   3.4583   1.6139   2.1691   0.0392   0.6511   0.6292   0.0093   0.0000   0.0036  -0.1486    0.244
    19   8.6333   3.3417   1.5594   2.1133   0.0388   0.6565   0.6344   0.0089   0.0000   0.0038  -0.1497    0.244
    20   9.1000   3.2250   1.5050   2.0543   0.0384   0.6613   0.6391   0.0085   0.0000   0.0040  -0.1506    0.244
    21   9.5667   3.1083   1.4506   1.9921   0.0381   0.6654   0.6430   0.0080   0.0000   0.0043  -0.1513    0.243
    22  10.0333   2.9917   1.3961   1.9262   0.0379   0.6685   0.6460   0.0076   0.0000   0.0046  -0.1517    0.243
    23  10.5000   2.8750   1.3417   1.8564   0.0377   0.6705   0.6479   0.0074   0.0000   0.0049  -0.1519    0.242
    24  10.9667   2.7583   1.2872   1.7823   0.0377   0.6710   0.6484   0.0070   0.0000   0.0052  -0.1517    0.242
    25  11.4333   2.6417   1.2328   1.7032   0.0378   0.6695   0.6470   0.0068   0.0000   0.0055  -0.1511    0.242
    26  11.9000   2.5250   1.1783   1.6185   0.0379   0.6656   0.6432   0.0069   0.0000   0.0055  -0.1501    0.241
    27  12.3667   2.4083   1.1239   1.5273   0.0381   0.6585   0.6363   0.0071   0.0000   0.0051  -0.1488    0.242
    28  12.8333   2.2917   1.0694   1.4287   0.0384   0.6472   0.6255   0.0080   0.0000   0.0033  -0.1480    0.245
    29  13.3000   2.1750   1.0150   1.3224   0.0389   0.6309   0.6097   0.0110   0.0000  -0.0018  -0.1492    0.253
    30  13.7667   2.0583   0.9606   1.2116   0.0401   0.6099   0.5894   0.0200   0.0000  -0.0165  -0.1588    0.278

  Surface # 2     Wing (YDUP)                             
     # Chordwise = 10   # Spanwise = 30     First strip = 31
     Surface area =   52.500000       Ave. chord =    3.750000
     CLsurf  =   0.29070     Clsurf  =   0.06442
     CYsurf  =   0.00018     Cmsurf  =  -0.18325
     CDsurf  =   0.00658     Cnsurf  =   0.00491
     CDisurf =   0.00658     CDvsurf =   0.00000

  Forces referred to Ssurf, Cave about hinge axis thru LE
     CLsurf  =   0.58141     CDsurf  =   0.01317
     Deflect =

 Strip Forces referred to Strip Area, Chord
    j      Yle    Chord     Area     c cl      ai      cl_norm  cl       cd       cdv    cm_c/4    cm_LE  C.P.x/c
    31  -0.2333   5.4417   2.5394   2.6609   0.0466   0.5057   0.4887   0.0264   0.0000  -0.0093   0.1276    0.269
    32  -0.7000   5.3250   2.4850   2.6575   0.0466   0.5167   0.4993   0.0213   0.0000  -0.0065   0.1274    0.263
    33  -1.1667   5.2083   2.4306   2.6506   0.0464   0.5271   0.5094   0.0192   0.0000  -0.0043   0.1276    0.258
    34  -1.6333   5.0917   2.3761   2.6403   0.0461   0.5373   0.5192   0.0177   0.0000  -0.0026   0.1283    0.255
    35  -2.1000   4.9750   2.3217   2.6266   0.0458   0.5472   0.5288   0.0167   0.0000  -0.0013   0.1293    0.252
    36  -2.5667   4.8583   2.2672   2.6097   0.0455   0.5568   0.5381   0.0157   0.0000  -0.0003   0.1305    0.251
    37  -3.0333   4.7417   2.2128   2.5896   0.0451   0.5662   0.5472   0.0150   0.0000   0.0005   0.1319    0.249
    38  -3.5000   4.6250   2.1583   2.5662   0.0446   0.5754   0.5560   0.0143   0.0000   0.0011   0.1335    0.248
    39  -3.9667   4.5083   2.1039   2.5398   0.0441   0.5843   0.5646   0.0135   0.0000   0.0016   0.1350    0.247
    40  -4.4333   4.3917   2.0494   2.5103   0.0436   0.5929   0.5729   0.0131   0.0000   0.0020   0.1367    0.246
    41  -4.9000   4.2750   1.9950   2.4778   0.0430   0.6013   0.5810   0.0126   0.0000   0.0023   0.1383    0.246
    42  -5.3667   4.1583   1.9406   2.4424   0.0425   0.6094   0.5888   0.0120   0.0000   0.0026   0.1399    0.246
    43  -5.8333   4.0417   1.8861   2.4040   0.0419   0.6172   0.5964   0.0115   0.0000   0.0028   0.1415    0.245
    44  -6.3000   3.9250   1.8317   2.3628   0.0413   0.6247   0.6036   0.0110   0.0000   0.0030   0.1431    0.245
    45  -6.7667   3.8083   1.7772   2.3187   0.0408   0.6318   0.6106   0.0106   0.0000   0.0031   0.1446    0.245
    46  -7.2333   3.6917   1.7228   2.2717   0.0402   0.6387   0.6172   0.0101   0.0000   0.0033   0.1460    0.245
    47  -7.7000   3.5750   1.6683   2.2219   0.0397   0.6451   0.6234   0.0097   0.0000   0.0035   0.1474    0.244
    48  -8.1667   3.4583   1.6139   2.1691   0.0392   0.6511   0.6292   0.0093   0.0000   0.0036   0.1486    0.244
    49  -8.6333   3.3417   1.5594   2.1133   0.0388   0.6565   0.6344   0.0088   0.0000   0.0038   0.1497    0.244
    50  -9.1000   3.2250   1.5050   2.0543   0.0384   0.6613   0.6391   0.0084   0.0000   0.0040   0.1506    0.244
    51  -9.5667   3.1083   1.4506   1.9921   0.0381   0.6654   0.6430   0.0080   0.0000   0.0043   0.1513    0.243
    52 -10.0333   2.9917   1.3961   1.9262   0.0379   0.6685   0.6460   0.0076   0.0000   0.0046   0.1517    0.243
    53 -10.5000   2.8750   1.3417   1.8564   0.0377   0.6705   0.6479   0.0074   0.0000   0.0049   0.1519    0.242
    54 -10.9667   2.7583   1.2872   1.7823   0.0377   0.6710   0.6484   0.0069   0.0000   0.0052   0.1517    0.242
    55 -11.4333   2.6417   1.2328   1.7032   0.0378   0.6695   0.6470   0.0068   0.0000   0.0055   0.1511    0.242
    56 -11.9000   2.5250   1.1783   1.6185   0.0379   0.6656   0.6432   0.0069   0.0000   0.0055   0.1501    0.241
    57 -12.3667   2.4083   1.1239   1.5273   0.0381   0.6585   0.6363   0.0071   0.0000   0.0051   0.1488    0.242
    58 -12.8333   2.2917   1.0694   1.4287   0.0384   0.6472   0.6255   0.0080   0.0000   0.0033   0.1480    0.245
    59 -13.3000   2.1750   1.0150   1.3224   0.0389   0.6309   0.6097   0.0109   0.0000  -0.0018   0.1492    0.253
    60 -13.7667   2.0583   0.9606   1.2116   0.0401   0.6099   0.5894   0.0199   0.0000  -0.0165   0.1588    0.278

  Surface # 3     Winglet                                 
     # Chordwise = 10   # Spanwise = 30     First strip = 61
     Surface area =    1.696051       Ave. chord =    1.120000
     CLsurf  =   0.00929     Clsurf  =  -0.00481
     CYsurf  =  -0.00561     Cmsurf  =  -0.01037
     CDsurf  =  -0.00071     Cnsurf  =   0.00009
     CDisurf =  -0.00071     CDvsurf =   0.00000

  Forces referred to Ssurf, Cave about hinge axis thru LE
     CLsurf  =   0.67146     CDsurf  =  -0.04399
     Deflect =

 Strip Forces referred to Strip Area, Chord
    j      Yle    Chord     Area     c cl      ai      cl_norm  cl       cd       cdv    cm_c/4    cm_LE  C.P.x/c
    61  14.0210   1.5840   0.0800   1.1865   0.0299   0.9233   0.7640  -0.1546   0.0000   0.0360  -0.1467    0.203
    62  14.0630   1.5520   0.0783   1.1215   0.0287   0.8852   0.7324  -0.0923   0.0000   0.0261  -0.1494    0.214
    63  14.1050   1.5200   0.0767   1.0880   0.0279   0.8743   0.7234  -0.0666   0.0000   0.0222  -0.1511    0.219
    64  14.1470   1.4880   0.0751   1.0614   0.0273   0.8700   0.7199  -0.0538   0.0000   0.0202  -0.1522    0.222
    65  14.1890   1.4560   0.0735   1.0362   0.0270   0.8672   0.7175  -0.0445   0.0000   0.0187  -0.1530    0.224
    66  14.2310   1.4240   0.0719   1.0098   0.0267   0.8637   0.7147  -0.0412   0.0000   0.0174  -0.1535    0.226
    67  14.2730   1.3920   0.0703   0.9848   0.0264   0.8614   0.7128  -0.0379   0.0000   0.0167  -0.1538    0.227
    68  14.3150   1.3600   0.0686   0.9605   0.0262   0.8596   0.7113  -0.0345   0.0000   0.0161  -0.1540    0.227
    69  14.3570   1.3280   0.0670   0.9369   0.0261   0.8585   0.7103  -0.0321   0.0000   0.0159  -0.1540    0.228
    70  14.3990   1.2960   0.0654   0.9125   0.0260   0.8568   0.7090  -0.0324   0.0000   0.0158  -0.1538    0.228
    71  14.4410   1.2640   0.0638   0.8879   0.0259   0.8547   0.7072  -0.0314   0.0000   0.0158  -0.1534    0.228
    72  14.4830   1.2320   0.0622   0.8628   0.0259   0.8521   0.7051  -0.0311   0.0000   0.0159  -0.1528    0.227
    73  14.5250   1.2000   0.0606   0.8392   0.0259   0.8508   0.7040  -0.0303   0.0000   0.0164  -0.1521    0.227
    74  14.5670   1.1680   0.0590   0.8139   0.0260   0.8477   0.7014  -0.0304   0.0000   0.0169  -0.1511    0.226
    75  14.6090   1.1360   0.0573   0.7880   0.0261   0.8440   0.6983  -0.0305   0.0000   0.0175  -0.1499    0.225
    76  14.6510   1.1040   0.0557   0.7621   0.0263   0.8399   0.6949  -0.0298   0.0000   0.0183  -0.1484    0.224
    77  14.6930   1.0720   0.0541   0.7360   0.0266   0.8354   0.6912  -0.0305   0.0000   0.0194  -0.1466    0.222
    78  14.7350   1.0400   0.0525   0.7072   0.0270   0.8275   0.6847  -0.0314   0.0000   0.0202  -0.1444    0.221
    79  14.7770   1.0080   0.0509   0.6776   0.0274   0.8180   0.6768  -0.0313   0.0000   0.0211  -0.1418    0.219
    80  14.8190   0.9760   0.0493   0.6501   0.0279   0.8105   0.6706  -0.0310   0.0000   0.0231  -0.1386    0.216
    81  14.8610   0.9440   0.0477   0.6184   0.0285   0.7974   0.6598  -0.0331   0.0000   0.0244  -0.1349    0.213
    82  14.9030   0.9120   0.0460   0.5854   0.0292   0.7813   0.6465  -0.0325   0.0000   0.0259  -0.1305    0.210
    83  14.9450   0.8800   0.0444   0.5513   0.0301   0.7626   0.6310  -0.0319   0.0000   0.0277  -0.1253    0.206
    84  14.9870   0.8480   0.0428   0.5171   0.0310   0.7424   0.6143  -0.0322   0.0000   0.0303  -0.1191    0.201
    85  15.0290   0.8160   0.0412   0.4771   0.0321   0.7120   0.5891  -0.0318   0.0000   0.0321  -0.1117    0.196
    86  15.0710   0.7840   0.0396   0.4344   0.0333   0.6750   0.5585  -0.0328   0.0000   0.0340  -0.1028    0.189
    87  15.1130   0.7520   0.0380   0.3874   0.0347   0.6279   0.5195  -0.0346   0.0000   0.0357  -0.0920    0.181
    88  15.1550   0.7200   0.0363   0.3321   0.0362   0.5623   0.4653  -0.0322   0.0000   0.0361  -0.0789    0.172
    89  15.1970   0.6880   0.0347   0.2663   0.0380   0.4723   0.3908  -0.0303   0.0000   0.0347  -0.0625    0.161
    90  15.2390   0.6560   0.0331   0.1784   0.0400   0.3324   0.2750  -0.0276   0.0000   0.0281  -0.0407    0.148

  Surface # 4     Winglet (YDUP)                          
     # Chordwise = 10   # Spanwise = 30     First strip = 91
     Surface area =    1.696051       Ave. chord =    1.120000
     CLsurf  =   0.00930     Clsurf  =   0.00481
     CYsurf  =   0.00561     Cmsurf  =  -0.01037
     CDsurf  =  -0.00071     Cnsurf  =  -0.00009
     CDisurf =  -0.00071     CDvsurf =   0.00000

  Forces referred to Ssurf, Cave about hinge axis thru LE
     CLsurf  =   0.67175     CDsurf  =  -0.04380
     Deflect =

 Strip Forces referred to Strip Area, Chord
    j      Yle    Chord     Area     c cl      ai      cl_norm  cl       cd       cdv    cm_c/4    cm_LE  C.P.x/c
    91 -14.0210   1.5840   0.0800   1.1862   0.0299   0.9230   0.7637  -0.1540   0.0000   0.0360   0.1467    0.203
    92 -14.0630   1.5520   0.0783   1.1219   0.0287   0.8855   0.7327  -0.0936   0.0000   0.0261   0.1494    0.214
    93 -14.1050   1.5200   0.0767   1.0887   0.0279   0.8748   0.7238  -0.0654   0.0000   0.0223   0.1511    0.219
    94 -14.1470   1.4880   0.0751   1.0610   0.0273   0.8699   0.7197  -0.0549   0.0000   0.0201   0.1522    0.222
    95 -14.1890   1.4560   0.0735   1.0355   0.0270   0.8666   0.7170  -0.0444   0.0000   0.0186   0.1530    0.224
    96 -14.2310   1.4240   0.0719   1.0101   0.0267   0.8639   0.7148  -0.0403   0.0000   0.0175   0.1535    0.226
    97 -14.2730   1.3920   0.0703   0.9857   0.0264   0.8622   0.7134  -0.0384   0.0000   0.0168   0.1538    0.226
    98 -14.3150   1.3600   0.0686   0.9603   0.0262   0.8595   0.7112  -0.0349   0.0000   0.0161   0.1540    0.227
    99 -14.3570   1.3280   0.0670   0.9371   0.0261   0.8586   0.7104  -0.0317   0.0000   0.0159   0.1540    0.228
   100 -14.3990   1.2960   0.0654   0.9121   0.0260   0.8564   0.7086  -0.0327   0.0000   0.0157   0.1538    0.228
   101 -14.4410   1.2640   0.0638   0.8880   0.0259   0.8549   0.7073  -0.0315   0.0000   0.0158   0.1534    0.228
   102 -14.4830   1.2320   0.0622   0.8634   0.0259   0.8527   0.7055  -0.0307   0.0000   0.0160   0.1529    0.227
   103 -14.5250   1.2000   0.0606   0.8406   0.0259   0.8522   0.7051  -0.0292   0.0000   0.0167   0.1521    0.226
   104 -14.5670   1.1680   0.0590   0.8141   0.0260   0.8479   0.7016  -0.0297   0.0000   0.0169   0.1511    0.226
   105 -14.6090   1.1360   0.0573   0.7873   0.0261   0.8433   0.6978  -0.0311   0.0000   0.0173   0.1499    0.225
   106 -14.6510   1.1040   0.0557   0.7621   0.0263   0.8399   0.6949  -0.0307   0.0000   0.0182   0.1484    0.224
   107 -14.6930   1.0720   0.0541   0.7359   0.0266   0.8351   0.6910  -0.0291   0.0000   0.0193   0.1466    0.222
   108 -14.7350   1.0400   0.0525   0.7082   0.0270   0.8285   0.6856  -0.0306   0.0000   0.0204   0.1444    0.220
   109 -14.7770   1.0080   0.0509   0.6799   0.0274   0.8207   0.6791  -0.0298   0.0000   0.0216   0.1418    0.218
   110 -14.8190   0.9760   0.0493   0.6509   0.0279   0.8114   0.6714  -0.0299   0.0000   0.0232   0.1386    0.215
   111 -14.8610   0.9440   0.0477   0.6188   0.0285   0.7980   0.6603  -0.0335   0.0000   0.0245   0.1349    0.213
   112 -14.9030   0.9120   0.0460   0.5865   0.0292   0.7827   0.6476  -0.0316   0.0000   0.0261   0.1305    0.210
   113 -14.9450   0.8800   0.0444   0.5517   0.0301   0.7633   0.6316  -0.0334   0.0000   0.0278   0.1253    0.206
   114 -14.9870   0.8480   0.0428   0.5167   0.0310   0.7419   0.6139  -0.0322   0.0000   0.0302   0.1191    0.201
   115 -15.0290   0.8160   0.0412   0.4771   0.0321   0.7122   0.5893  -0.0334   0.0000   0.0321   0.1117    0.196
   116 -15.0710   0.7840   0.0396   0.4335   0.0333   0.6737   0.5574  -0.0342   0.0000   0.0337   0.1027    0.189
   117 -15.1130   0.7520   0.0380   0.3881   0.0347   0.6288   0.5203  -0.0319   0.0000   0.0359   0.0920    0.181
   118 -15.1550   0.7200   0.0363   0.3336   0.0362   0.5647   0.4672  -0.0302   0.0000   0.0366   0.0789    0.172
   119 -15.1970   0.6880   0.0347   0.2670   0.0380   0.4735   0.3918  -0.0309   0.0000   0.0349   0.0626    0.161
   120 -15.2390   0.6560   0.0331   0.1792   0.0400   0.3337   0.2762  -0.0257   0.0000   0.0284   0.0407    0.147
 ---------------------------------------------------------------
