 ---------------------------------------------------------------
 Surface and Strip Forces by surface

  Forces referred to Sref, Cref, Bref about Xref, Yref, Zref
 Standard axis orientation,  X fwd, Z down         

  Surface # 1     Wing                                    
     # Chordwise = 10   # Spanwise = 30     First strip =  1
     Surface area =   52.500000       Ave. chord =    3.750000
     CLsurf  =   0.29629     Clsurf  =  -0.06562
     CYsurf  =  -0.00022     Cmsurf  =  -0.18671
     CDsurf  =   0.00702     Cnsurf  =  -0.00507
     CDisurf =   0.00702     CDvsurf =   0.00000

  Forces referred to Ssurf, Cave about hinge axis thru LE
     CLsurf  =   0.59258     CDsurf  =   0.01405
     Deflect =

 Strip Forces referred to Strip Area, Chord
    j      Yle    Chord     Area     c cl      ai      cl_norm  cl       cd       cdv    cm_c/4    cm_LE  C.P.x/c
     1   0.2333   5.4417   2.5394   2.7150   0.0482   0.5159   0.4986   0.0277   0.0000  -0.0094  -0.1301    0.269
     2   0.7000   5.3250   2.4850   2.7114   0.0481   0.5272   0.5094   0.0223   0.0000  -0.0066  -0.1299    0.263
     3   1.1667   5.2083   2.4306   2.7044   0.0479   0.5378   0.5197   0.0202   0.0000  -0.0043  -0.1301    0.258
     4   1.6333   5.0917   2.3761   2.6938   0.0477   0.5482   0.5297   0.0186   0.0000  -0.0026  -0.1308    0.255
     5   2.1000   4.9750   2.3217   2.6798   0.0474   0.5583   0.5395   0.0175   0.0000  -0.0012  -0.1318    0.252
     6   2.5667   4.8583   2.2672   2.6624   0.0470   0.5681   0.5490   0.0165   0.0000  -0.0002  -0.1331    0.250
     7   3.0333   4.7417   2.2128   2.6416   0.0466   0.5776   0.5582   0.0157   0.0000   0.0006  -0.1345    0.249
     8   3.5000   4.6250   2.1583   2.6176   0.0462   0.5869   0.5672   0.0150   0.0000   0.0013  -0.1360    0.248
     9   3.9667   4.5083   2.1039   2.5904   0.0457   0.5960   0.5759   0.0142   0.0000   0.0018  -0.1376    0.247
    10   4.4333   4.3917   2.0494   2.5601   0.0451   0.6047   0.5843   0.0137   0.0000   0.0022  -0.1393    0.246
    11   4.9000   4.2750   1.9950   2.5266   0.0446   0.6131   0.5925   0.0132   0.0000   0.0025  -0.1409    0.246
    12   5.3667   4.1583   1.9406   2.4901   0.0441   0.6213   0.6004   0.0126   0.0000   0.0028  -0.1426    0.245
    13   5.8333   4.0417   1.8861   2.4506   0.0435   0.6292   0.6080   0.0122   0.0000   0.0030  -0.1442    0.245
    14   6.3000   3.9250   1.8317   2.4082   0.0429   0.6367   0.6153   0.0116   0.0000   0.0032  -0.1457    0.245
    15   6.7667   3.8083   1.7772   2.3627   0.0424   0.6439   0.6222   0.0112   0.0000   0.0034  -0.1472    0.245
    16   7.2333   3.6917   1.7228   2.3143   0.0419   0.6507   0.6288   0.0107   0.0000   0.0035  -0.1486    0.244
    17   7.7000   3.5750   1.6683   2.2629   0.0414   0.6571   0.6350   0.0103   0.0000   0.0037  -0.1499    0.244
    18   8.1667   3.4583   1.6139   2.2085   0.0410   0.6630   0.6406   0.0098   0.0000   0.0039  -0.1511    0.244
    19   8.6333   3.3417   1.5594   2.1509   0.0406   0.6683   0.6458   0.0094   0.0000   0.0041  -0.1521    0.244
    20   9.1000   3.2250   1.5050   2.0901   0.0403   0.6729   0.6503   0.0090   0.0000   0.0043  -0.1530    0.243
    21   9.5667   3.1083   1.4506   2.0258   0.0400   0.6767   0.6540   0.0086   0.0000   0.0046  -0.1536    0.243
    22  10.0333   2.9917   1.3961   1.9580   0.0399   0.6796   0.6567   0.0082   0.0000   0.0049  -0.1540    0.243
    23  10.5000   2.8750   1.3417   1.8861   0.0398   0.6813   0.6584   0.0080   0.0000   0.0051  -0.1541    0.242
    24  10.9667   2.7583   1.2872   1.8100   0.0399   0.6815   0.6585   0.0077   0.0000   0.0054  -0.1539    0.242
    25  11.4333   2.6417   1.2328   1.7291   0.0400   0.6798   0.6569   0.0076   0.0000   0.0056  -0.1534    0.242
    26  11.9000   2.5250   1.1783   1.6431   0.0403   0.6758   0.6530   0.0078   0.0000   0.0054  -0.1526    0.242
    27  12.3667   2.4083   1.1239   1.5516   0.0407   0.6690   0.6465   0.0084   0.0000   0.0045  -0.1519    0.243
    28  12.8333   2.2917   1.0694   1.4547   0.0414   0.6590   0.6368   0.0097   0.0000   0.0019  -0.1521    0.247
    29  13.3000   2.1750   1.0150   1.3534   0.0428   0.6456   0.6238   0.0136   0.0000  -0.0046  -0.1554    0.257
    30  13.7667   2.0583   0.9606   1.2520   0.0469   0.6300   0.6088   0.0240   0.0000  -0.0206  -0.1675    0.284

  Surface # 2     Wing (YDUP)                             
     # Chordwise = 10   # Spanwise = 30     First strip = 31
     Surface area =   52.500000       Ave. chord =    3.750000
     CLsurf  =   0.29629     Clsurf  =   0.06562
     CYsurf  =   0.00022     Cmsurf  =  -0.18671
     CDsurf  =   0.00702     Cnsurf  =   0.00507
     CDisurf =   0.00702     CDvsurf =   0.00000

  Forces referred to Ssurf, Cave about hinge axis thru LE
     CLsurf  =   0.59258     CDsurf  =   0.01404
     Deflect =

 Strip Forces referred to Strip Area, Chord
    j      Yle    Chord     Area     c cl      ai      cl_norm  cl       cd       cdv    cm_c/4    cm_LE  C.P.x/c
    31  -0.2333   5.4417   2.5394   2.7150   0.0482   0.5159   0.4986   0.0277   0.0000  -0.0094   0.1301    0.269
    32  -0.7000   5.3250   2.4850   2.7114   0.0481   0.5272   0.5094   0.0223   0.0000  -0.0066   0.1299    0.263
    33  -1.1667   5.2083   2.4306   2.7044   0.0479   0.5378   0.5197   0.0202   0.0000  -0.0043   0.1301    0.258
    34  -1.6333   5.0917   2.3761   2.6938   0.0477   0.5482   0.5297   0.0186   0.0000  -0.0026   0.1308    0.255
    35  -2.1000   4.9750   2.3217   2.6798   0.0474   0.5583   0.5395   0.0175   0.0000  -0.0012   0.1318    0.252
    36  -2.5667   4.8583   2.2672   2.6624   0.0470   0.5681   0.5490   0.0165   0.0000  -0.0002   0.1331    0.250
    37  -3.0333   4.7417   2.2128   2.6416   0.0466   0.5776   0.5582   0.0157   0.0000   0.0006   0.1345    0.249
    38  -3.5000   4.6250   2.1583   2.6176   0.0462   0.5869   0.5672   0.0150   0.0000   0.0013   0.1360    0.248
    39  -3.9667   4.5083   2.1039   2.5904   0.0457   0.5960   0.5759   0.0142   0.0000   0.0018   0.1376    0.247
    40  -4.4333   4.3917   2.0494   2.5601   0.0451   0.6047   0.5843   0.0137   0.0000   0.0022   0.1393    0.246
    41  -4.9000   4.2750   1.9950   2.5266   0.0446   0.6131   0.5925   0.0132   0.0000   0.0025   0.1409    0.246
    42  -5.3667   4.1583   1.9406   2.4901   0.0441   0.6213   0.6004   0.0126   0.0000   0.0028   0.1426    0.245
    43  -5.8333   4.0417   1.8861   2.4506   0.0435   0.6292   0.6080   0.0122   0.0000   0.0030   0.1442    0.245
    44  -6.3000   3.9250   1.8317   2.4082   0.0429   0.6367   0.6153   0.0116   0.0000   0.0032   0.1457    0.245
    45  -6.7667   3.8083   1.7772   2.3627   0.0424   0.6439   0.6222   0.0112   0.0000   0.0034   0.1472    0.245
    46  -7.2333   3.6917   1.7228   2.3143   0.0419   0.6507   0.6288   0.0107   0.0000   0.0035   0.1486    0.244
    47  -7.7000   3.5750   1.6683   2.2629   0.0414   0.6571   0.6350   0.0103   0.0000   0.0037   0.1499    0.244
    48  -8.1667   3.4583   1.6139   2.2085   0.0410   0.6630   0.6406   0.0098   0.0000   0.0039   0.1511    0.244
    49  -8.6333   3.3417   1.5594   2.1509   0.0406   0.6683   0.6458   0.0094   0.0000   0.0041   0.1521    0.244
    50  -9.1000   3.2250   1.5050   2.0901   0.0403   0.6729   0.6503   0.0090   0.0000   0.0043   0.1530    0.243
    51  -9.5667   3.1083   1.4506   2.0258   0.0400   0.6767   0.6540   0.0086   0.0000   0.0046   0.1536    0.243
    52 -10.0333   2.9917   1.3961   1.9580   0.0399   0.6796   0.6567   0.0082   0.0000   0.0049   0.1540    0.243
    53 -10.5000   2.8750   1.3417   1.8861   0.0398   0.6813   0.6584   0.0080   0.0000   0.0051   0.1541    0.242
    54 -10.9667   2.7583   1.2872   1.8100   0.0399   0.6815   0.6585   0.0077   0.0000   0.0054   0.1539    0.242
    55 -11.4333   2.6417   1.2328   1.7291   0.0400   0.6798   0.6569   0.0076   0.0000   0.0056   0.1534    0.242
    56 -11.9000   2.5250   1.1783   1.6431   0.0403   0.6758   0.6530   0.0078   0.0000   0.0054   0.1526    0.242
    57 -12.3667   2.4083   1.1239   1.5516   0.0407   0.6690   0.6465   0.0083   0.0000   0.0045   0.1519    0.243
    58 -12.8333   2.2917   1.0694   1.4547   0.0414   0.6590   0.6368   0.0097   0.0000   0.0019   0.1521    0.247
    59 -13.3000   2.1750   1.0150   1.3534   0.0428   0.6456   0.6238   0.0135   0.0000  -0.0046   0.1554    0.257
    60 -13.7667   2.0583   0.9606   1.2520   0.0469   0.6300   0.6088   0.0239   0.0000  -0.0206   0.1675    0.284

  Surface # 3     Winglet                                 
     # Chordwise = 10   # Spanwise = 30     First strip = 61
     Surface area =    1.856094       Ave. chord =    1.120000
     CLsurf  =   0.00371     Clsurf  =  -0.00201
     CYsurf  =  -0.00989     Cmsurf  =  -0.00416
     CDsurf  =  -0.00087     Cnsurf  =   0.00097
     CDisurf =  -0.00087     CDvsurf =   0.00000

  Forces referred to Ssurf, Cave about hinge axis thru LE
     CLsurf  =   0.59655     CDsurf  =  -0.04913
     Deflect =

 Strip Forces referred to Strip Area, Chord
    j      Yle    Chord     Area     c cl      ai      cl_norm  cl       cd       cdv    cm_c/4    cm_LE  C.P.x/c
    61  14.0083   1.5840   0.0875   1.2209  -0.0009   0.9477   0.7761  -0.1617   0.0000   0.0369  -0.1620    0.202
    62  14.0250   1.5520   0.0857   1.0991  -0.0037   0.8689   0.7116  -0.0996   0.0000   0.0213  -0.1610    0.220
    63  14.0417   1.5200   0.0840   1.0480  -0.0057   0.8451   0.6921  -0.0757   0.0000   0.0169  -0.1601    0.226
    64  14.0583   1.4880   0.0822   1.0084  -0.0070   0.8302   0.6799  -0.0623   0.0000   0.0146  -0.1591    0.229
    65  14.0750   1.4560   0.0804   0.9729  -0.0081   0.8184   0.6702  -0.0557   0.0000   0.0129  -0.1581    0.231
    66  14.0917   1.4240   0.0787   0.9391  -0.0090   0.8075   0.6613  -0.0504   0.0000   0.0116  -0.1570    0.232
    67  14.1083   1.3920   0.0769   0.9078  -0.0097   0.7985   0.6539  -0.0474   0.0000   0.0108  -0.1559    0.234
    68  14.1250   1.3600   0.0751   0.8756  -0.0104   0.7882   0.6455  -0.0457   0.0000   0.0098  -0.1547    0.235
    69  14.1417   1.3280   0.0734   0.8459  -0.0109   0.7798   0.6386  -0.0428   0.0000   0.0093  -0.1534    0.235
    70  14.1583   1.2960   0.0716   0.8192  -0.0114   0.7737   0.6336  -0.0417   0.0000   0.0092  -0.1523    0.236
    71  14.1750   1.2640   0.0698   0.7906  -0.0118   0.7656   0.6270  -0.0396   0.0000   0.0089  -0.1508    0.236
    72  14.1917   1.2320   0.0681   0.7629  -0.0122   0.7579   0.6207  -0.0388   0.0000   0.0089  -0.1493    0.236
    73  14.2083   1.2000   0.0663   0.7362  -0.0125   0.7509   0.6149  -0.0379   0.0000   0.0091  -0.1477    0.235
    74  14.2250   1.1680   0.0645   0.7119  -0.0126   0.7460   0.6109  -0.0372   0.0000   0.0098  -0.1460    0.234
    75  14.2417   1.1360   0.0628   0.6828  -0.0128   0.7356   0.6024  -0.0362   0.0000   0.0098  -0.1439    0.234
    76  14.2583   1.1040   0.0610   0.6553  -0.0128   0.7265   0.5950  -0.0364   0.0000   0.0102  -0.1417    0.233
    77  14.2750   1.0720   0.0592   0.6293  -0.0128   0.7185   0.5884  -0.0356   0.0000   0.0109  -0.1394    0.231
    78  14.2917   1.0400   0.0575   0.6000  -0.0126   0.7061   0.5783  -0.0344   0.0000   0.0112  -0.1367    0.231
    79  14.3083   1.0080   0.0557   0.5712  -0.0124   0.6936   0.5680  -0.0340   0.0000   0.0119  -0.1336    0.229
    80  14.3250   0.9760   0.0539   0.5448  -0.0121   0.6831   0.5594  -0.0335   0.0000   0.0131  -0.1303    0.227
    81  14.3417   0.9440   0.0521   0.5165  -0.0117   0.6697   0.5484  -0.0328   0.0000   0.0144  -0.1264    0.224
    82  14.3583   0.9120   0.0504   0.4863  -0.0112   0.6526   0.5344  -0.0323   0.0000   0.0155  -0.1219    0.221
    83  14.3750   0.8800   0.0486   0.4568  -0.0105   0.6353   0.5202  -0.0309   0.0000   0.0172  -0.1169    0.217
    84  14.3917   0.8480   0.0468   0.4249  -0.0098   0.6133   0.5023  -0.0312   0.0000   0.0189  -0.1109    0.212
    85  14.4083   0.8160   0.0451   0.3885  -0.0089   0.5828   0.4773  -0.0314   0.0000   0.0198  -0.1039    0.209
    86  14.4250   0.7840   0.0433   0.3525  -0.0079   0.5504   0.4507  -0.0293   0.0000   0.0216  -0.0957    0.202
    87  14.4417   0.7520   0.0415   0.3138  -0.0067   0.5109   0.4184  -0.0285   0.0000   0.0235  -0.0858    0.194
    88  14.4583   0.7200   0.0398   0.2670  -0.0053   0.4541   0.3719  -0.0262   0.0000   0.0239  -0.0737    0.186
    89  14.4750   0.6880   0.0380   0.2140  -0.0038   0.3808   0.3118  -0.0232   0.0000   0.0237  -0.0587    0.174
    90  14.4917   0.6560   0.0362   0.1422  -0.0020   0.2654   0.2174  -0.0186   0.0000   0.0194  -0.0385    0.161

  Surface # 4     Winglet (YDUP)                          
     # Chordwise = 10   # Spanwise = 30     First strip = 91
     Surface area =    1.856094       Ave. chord =    1.120000
     CLsurf  =   0.00371     Clsurf  =   0.00201
     CYsurf  =   0.00989     Cmsurf  =  -0.00416
     CDsurf  =  -0.00087     Cnsurf  =  -0.00097
     CDisurf =  -0.00087     CDvsurf =   0.00000

  Forces referred to Ssurf, Cave about hinge axis thru LE
     CLsurf  =   0.59672     CDsurf  =  -0.04905
     Deflect =

 Strip Forces referred to Strip Area, Chord
    j      Yle    Chord     Area     c cl      ai      cl_norm  cl       cd       cdv    cm_c/4    cm_LE  C.P.x/c
    91 -14.0083   1.5840   0.0875   1.2202  -0.0009   0.9472   0.7757  -0.1619   0.0000   0.0368   0.1620    0.203
    92 -14.0250   1.5520   0.0857   1.0996  -0.0037   0.8692   0.7119  -0.0996   0.0000   0.0214   0.1610    0.220
    93 -14.0417   1.5200   0.0840   1.0495  -0.0057   0.8463   0.6931  -0.0752   0.0000   0.0172   0.1601    0.225
    94 -14.0583   1.4880   0.0822   1.0077  -0.0070   0.8296   0.6794  -0.0624   0.0000   0.0145   0.1591    0.229
    95 -14.0750   1.4560   0.0804   0.9739  -0.0081   0.8193   0.6709  -0.0560   0.0000   0.0131   0.1581    0.230
    96 -14.0917   1.4240   0.0787   0.9385  -0.0090   0.8070   0.6609  -0.0505   0.0000   0.0115   0.1570    0.233
    97 -14.1083   1.3920   0.0769   0.9068  -0.0097   0.7976   0.6532  -0.0470   0.0000   0.0106   0.1559    0.234
    98 -14.1250   1.3600   0.0751   0.8756  -0.0104   0.7883   0.6455  -0.0458   0.0000   0.0098   0.1547    0.235
    99 -14.1417   1.3280   0.0734   0.8458  -0.0109   0.7797   0.6385  -0.0428   0.0000   0.0092   0.1535    0.236
   100 -14.1583   1.2960   0.0716   0.8194  -0.0114   0.7739   0.6338  -0.0416   0.0000   0.0092   0.1523    0.235
   101 -14.1750   1.2640   0.0698   0.7919  -0.0118   0.7668   0.6280  -0.0392   0.0000   0.0091   0.1508    0.235
   102 -14.1917   1.2320   0.0681   0.7627  -0.0122   0.7578   0.6206  -0.0390   0.0000   0.0088   0.1493    0.236
   103 -14.2083   1.2000   0.0663   0.7360  -0.0125   0.7507   0.6148  -0.0378   0.0000   0.0091   0.1476    0.235
   104 -14.2250   1.1680   0.0645   0.7108  -0.0126   0.7449   0.6100  -0.0368   0.0000   0.0096   0.1460    0.234
   105 -14.2417   1.1360   0.0628   0.6835  -0.0128   0.7364   0.6030  -0.0363   0.0000   0.0099   0.1439    0.234
   106 -14.2583   1.1040   0.0610   0.6557  -0.0128   0.7270   0.5954  -0.0365   0.0000   0.0103   0.1417    0.233
   107 -14.2750   1.0720   0.0592   0.6294  -0.0128   0.7186   0.5885  -0.0356   0.0000   0.0109   0.1394    0.231
   108 -14.2917   1.0400   0.0575   0.6005  -0.0126   0.7066   0.5787  -0.0339   0.0000   0.0113   0.1367    0.231
   109 -14.3083   1.0080   0.0557   0.5727  -0.0124   0.6954   0.5695  -0.0343   0.0000   0.0122   0.1336    0.229
   110 -14.3250   0.9760   0.0539   0.5448  -0.0121   0.6831   0.5595  -0.0336   0.0000   0.0131   0.1303    0.227
   111 -14.3417   0.9440   0.0521   0.5159  -0.0117   0.6688   0.5477  -0.0334   0.0000   0.0143   0.1264    0.224
   112 -14.3583   0.9120   0.0504   0.4865  -0.0112   0.6528   0.5346  -0.0323   0.0000   0.0156   0.1220    0.221
   113 -14.3750   0.8800   0.0486   0.4571  -0.0105   0.6358   0.5207  -0.0319   0.0000   0.0173   0.1169    0.217
   114 -14.3917   0.8480   0.0468   0.4248  -0.0098   0.6132   0.5021  -0.0311   0.0000   0.0189   0.1109    0.212
   115 -14.4083   0.8160   0.0451   0.3914  -0.0089   0.5871   0.4808  -0.0306   0.0000   0.0206   0.1040    0.207
   116 -14.4250   0.7840   0.0433   0.3524  -0.0079   0.5503   0.4506  -0.0296   0.0000   0.0216   0.0957    0.202
   117 -14.4417   0.7520   0.0415   0.3130  -0.0067   0.5095   0.4172  -0.0265   0.0000   0.0232   0.0858    0.194
   118 -14.4583   0.7200   0.0398   0.2681  -0.0053   0.4559   0.3734  -0.0263   0.0000   0.0242   0.0738    0.185
   119 -14.4750   0.6880   0.0380   0.2133  -0.0038   0.3797   0.3109  -0.0226   0.0000   0.0235   0.0587    0.175
   120 -14.4917   0.6560   0.0362   0.1426  -0.0020   0.2662   0.2180  -0.0181   0.0000   0.0195   0.0385    0.161
 ---------------------------------------------------------------
