 ---------------------------------------------------------------
 Surface and Strip Forces by surface

  Forces referred to Sref, Cref, Bref about Xref, Yref, Zref
 Standard axis orientation,  X fwd, Z down         

  Surface # 1     Wing                                    
     # Chordwise = 10   # Spanwise = 30     First strip =  1
     Surface area =   52.500000       Ave. chord =    3.750000
     CLsurf  =   0.29949     Clsurf  =  -0.06605
     CYsurf  =  -0.00025     Cmsurf  =  -0.18820
     CDsurf  =   0.00731     Cnsurf  =  -0.00518
     CDisurf =   0.00731     CDvsurf =   0.00000

  Forces referred to Ssurf, Cave about hinge axis thru LE
     CLsurf  =   0.59898     CDsurf  =   0.01462
     Deflect =

 Strip Forces referred to Strip Area, Chord
    j      Yle    Chord     Area     c cl      ai      cl_norm  cl       cd       cdv    cm_c/4    cm_LE  C.P.x/c
     1   0.2333   5.4417   2.5394   2.7582   0.0495   0.5241   0.5065   0.0287   0.0000  -0.0095  -0.1321    0.269
     2   0.7000   5.3250   2.4850   2.7546   0.0494   0.5355   0.5175   0.0232   0.0000  -0.0066  -0.1319    0.263
     3   1.1667   5.2083   2.4306   2.7473   0.0493   0.5464   0.5280   0.0210   0.0000  -0.0043  -0.1321    0.258
     4   1.6333   5.0917   2.3761   2.7364   0.0490   0.5569   0.5381   0.0194   0.0000  -0.0025  -0.1328    0.255
     5   2.1000   4.9750   2.3217   2.7220   0.0487   0.5671   0.5480   0.0182   0.0000  -0.0011  -0.1338    0.252
     6   2.5667   4.8583   2.2672   2.7041   0.0484   0.5770   0.5576   0.0172   0.0000  -0.0001  -0.1351    0.250
     7   3.0333   4.7417   2.2128   2.6828   0.0480   0.5867   0.5669   0.0163   0.0000   0.0008  -0.1365    0.249
     8   3.5000   4.6250   2.1583   2.6581   0.0475   0.5960   0.5760   0.0156   0.0000   0.0014  -0.1380    0.248
     9   3.9667   4.5083   2.1039   2.6301   0.0471   0.6051   0.5848   0.0148   0.0000   0.0019  -0.1396    0.247
    10   4.4333   4.3917   2.0494   2.5989   0.0465   0.6139   0.5933   0.0143   0.0000   0.0024  -0.1412    0.246
    11   4.9000   4.2750   1.9950   2.5644   0.0460   0.6224   0.6014   0.0138   0.0000   0.0027  -0.1429    0.246
    12   5.3667   4.1583   1.9406   2.5268   0.0455   0.6305   0.6093   0.0132   0.0000   0.0030  -0.1445    0.245
    13   5.8333   4.0417   1.8861   2.4861   0.0450   0.6383   0.6169   0.0127   0.0000   0.0032  -0.1461    0.245
    14   6.3000   3.9250   1.8317   2.4422   0.0445   0.6458   0.6241   0.0121   0.0000   0.0034  -0.1476    0.244
    15   6.7667   3.8083   1.7772   2.3953   0.0440   0.6528   0.6309   0.0117   0.0000   0.0037  -0.1490    0.244
    16   7.2333   3.6917   1.7228   2.3452   0.0435   0.6594   0.6373   0.0112   0.0000   0.0039  -0.1503    0.244
    17   7.7000   3.5750   1.6683   2.2919   0.0431   0.6656   0.6432   0.0108   0.0000   0.0041  -0.1515    0.244
    18   8.1667   3.4583   1.6139   2.2354   0.0427   0.6711   0.6485   0.0103   0.0000   0.0043  -0.1526    0.243
    19   8.6333   3.3417   1.5594   2.1755   0.0424   0.6760   0.6532   0.0099   0.0000   0.0045  -0.1535    0.243
    20   9.1000   3.2250   1.5050   2.1121   0.0422   0.6801   0.6572   0.0095   0.0000   0.0048  -0.1542    0.243
    21   9.5667   3.1083   1.4506   2.0450   0.0421   0.6832   0.6602   0.0090   0.0000   0.0052  -0.1546    0.242
    22  10.0333   2.9917   1.3961   1.9738   0.0422   0.6852   0.6622   0.0086   0.0000   0.0055  -0.1546    0.242
    23  10.5000   2.8750   1.3417   1.8983   0.0423   0.6857   0.6627   0.0084   0.0000   0.0059  -0.1544    0.241
    24  10.9667   2.7583   1.2872   1.8179   0.0427   0.6845   0.6615   0.0081   0.0000   0.0064  -0.1537    0.240
    25  11.4333   2.6417   1.2328   1.7322   0.0432   0.6811   0.6581   0.0080   0.0000   0.0067  -0.1526    0.240
    26  11.9000   2.5250   1.1783   1.6407   0.0439   0.6748   0.6521   0.0082   0.0000   0.0067  -0.1511    0.240
    27  12.3667   2.4083   1.1239   1.5431   0.0449   0.6654   0.6430   0.0088   0.0000   0.0061  -0.1495    0.241
    28  12.8333   2.2917   1.0694   1.4399   0.0464   0.6523   0.6304   0.0102   0.0000   0.0036  -0.1489    0.244
    29  13.3000   2.1750   1.0150   1.3328   0.0490   0.6358   0.6144   0.0142   0.0000  -0.0028  -0.1513    0.255
    30  13.7667   2.0583   0.9606   1.2274   0.0546   0.6175   0.5967   0.0249   0.0000  -0.0181  -0.1622    0.280

  Surface # 2     Wing (YDUP)                             
     # Chordwise = 10   # Spanwise = 30     First strip = 31
     Surface area =   52.500000       Ave. chord =    3.750000
     CLsurf  =   0.29949     Clsurf  =   0.06605
     CYsurf  =   0.00025     Cmsurf  =  -0.18820
     CDsurf  =   0.00731     Cnsurf  =   0.00518
     CDisurf =   0.00731     CDvsurf =   0.00000

  Forces referred to Ssurf, Cave about hinge axis thru LE
     CLsurf  =   0.59898     CDsurf  =   0.01461
     Deflect =

 Strip Forces referred to Strip Area, Chord
    j      Yle    Chord     Area     c cl      ai      cl_norm  cl       cd       cdv    cm_c/4    cm_LE  C.P.x/c
    31  -0.2333   5.4417   2.5394   2.7582   0.0495   0.5241   0.5065   0.0287   0.0000  -0.0095   0.1321    0.269
    32  -0.7000   5.3250   2.4850   2.7546   0.0494   0.5355   0.5175   0.0232   0.0000  -0.0066   0.1319    0.263
    33  -1.1667   5.2083   2.4306   2.7473   0.0493   0.5464   0.5280   0.0209   0.0000  -0.0043   0.1321    0.258
    34  -1.6333   5.0917   2.3761   2.7364   0.0490   0.5569   0.5381   0.0193   0.0000  -0.0025   0.1328    0.255
    35  -2.1000   4.9750   2.3217   2.7220   0.0487   0.5671   0.5480   0.0182   0.0000  -0.0011   0.1338    0.252
    36  -2.5667   4.8583   2.2672   2.7041   0.0484   0.5770   0.5576   0.0171   0.0000  -0.0001   0.1351    0.250
    37  -3.0333   4.7417   2.2128   2.6828   0.0480   0.5867   0.5669   0.0163   0.0000   0.0008   0.1365    0.249
    38  -3.5000   4.6250   2.1583   2.6581   0.0475   0.5960   0.5760   0.0156   0.0000   0.0014   0.1380    0.248
    39  -3.9667   4.5083   2.1039   2.6301   0.0471   0.6051   0.5848   0.0148   0.0000   0.0019   0.1396    0.247
    40  -4.4333   4.3917   2.0494   2.5989   0.0465   0.6139   0.5933   0.0143   0.0000   0.0024   0.1412    0.246
    41  -4.9000   4.2750   1.9950   2.5644   0.0460   0.6224   0.6014   0.0138   0.0000   0.0027   0.1429    0.246
    42  -5.3667   4.1583   1.9406   2.5268   0.0455   0.6305   0.6093   0.0131   0.0000   0.0030   0.1445    0.245
    43  -5.8333   4.0417   1.8861   2.4861   0.0450   0.6383   0.6169   0.0127   0.0000   0.0032   0.1461    0.245
    44  -6.3000   3.9250   1.8317   2.4422   0.0445   0.6458   0.6241   0.0121   0.0000   0.0034   0.1476    0.244
    45  -6.7667   3.8083   1.7772   2.3953   0.0440   0.6528   0.6309   0.0117   0.0000   0.0037   0.1490    0.244
    46  -7.2333   3.6917   1.7228   2.3452   0.0435   0.6594   0.6373   0.0112   0.0000   0.0039   0.1503    0.244
    47  -7.7000   3.5750   1.6683   2.2919   0.0431   0.6656   0.6432   0.0108   0.0000   0.0041   0.1515    0.244
    48  -8.1667   3.4583   1.6139   2.2354   0.0427   0.6711   0.6485   0.0103   0.0000   0.0043   0.1526    0.243
    49  -8.6333   3.3417   1.5594   2.1755   0.0424   0.6760   0.6532   0.0099   0.0000   0.0045   0.1535    0.243
    50  -9.1000   3.2250   1.5050   2.1121   0.0422   0.6801   0.6572   0.0095   0.0000   0.0048   0.1542    0.243
    51  -9.5667   3.1083   1.4506   2.0450   0.0421   0.6832   0.6602   0.0090   0.0000   0.0052   0.1546    0.242
    52 -10.0333   2.9917   1.3961   1.9738   0.0422   0.6852   0.6622   0.0086   0.0000   0.0055   0.1546    0.242
    53 -10.5000   2.8750   1.3417   1.8983   0.0423   0.6857   0.6627   0.0084   0.0000   0.0059   0.1544    0.241
    54 -10.9667   2.7583   1.2872   1.8179   0.0427   0.6845   0.6615   0.0080   0.0000   0.0064   0.1537    0.240
    55 -11.4333   2.6417   1.2328   1.7322   0.0432   0.6811   0.6581   0.0080   0.0000   0.0067   0.1526    0.240
    56 -11.9000   2.5250   1.1783   1.6407   0.0439   0.6748   0.6521   0.0082   0.0000   0.0067   0.1511    0.240
    57 -12.3667   2.4083   1.1239   1.5431   0.0449   0.6654   0.6430   0.0088   0.0000   0.0061   0.1495    0.241
    58 -12.8333   2.2917   1.0694   1.4399   0.0464   0.6523   0.6304   0.0102   0.0000   0.0036   0.1489    0.244
    59 -13.3000   2.1750   1.0150   1.3328   0.0490   0.6358   0.6144   0.0142   0.0000  -0.0028   0.1513    0.255
    60 -13.7667   2.0583   0.9606   1.2274   0.0546   0.6175   0.5968   0.0247   0.0000  -0.0181   0.1622    0.280

  Surface # 3     Winglet                                 
     # Chordwise = 10   # Spanwise = 30     First strip = 61
     Surface area =    1.568000       Ave. chord =    1.120000
     CLsurf  =   0.00051     Clsurf  =  -0.00034
     CYsurf  =  -0.00814     Cmsurf  =  -0.00053
     CDsurf  =  -0.00085     Cnsurf  =   0.00084
     CDisurf =  -0.00085     CDvsurf =   0.00000

  Forces referred to Ssurf, Cave about hinge axis thru LE
     CLsurf  =   0.54486     CDsurf  =  -0.05705
     Deflect =

 Strip Forces referred to Strip Area, Chord
    j      Yle    Chord     Area     c cl      ai      cl_norm  cl       cd       cdv    cm_c/4    cm_LE  C.P.x/c
    61  14.0000   1.5840   0.0739   1.2407  -0.0142   0.9363   0.7833  -0.1874   0.0000   0.0411  -0.1618    0.198
    62  14.0000   1.5520   0.0724   1.0717  -0.0172   0.8254   0.6905  -0.1167   0.0000   0.0204  -0.1583    0.220
    63  14.0000   1.5200   0.0709   1.0053  -0.0197   0.7906   0.6614  -0.0909   0.0000   0.0149  -0.1560    0.228
    64  14.0000   1.4880   0.0694   0.9572  -0.0215   0.7689   0.6433  -0.0757   0.0000   0.0120  -0.1538    0.231
    65  14.0000   1.4560   0.0679   0.9165  -0.0230   0.7524   0.6294  -0.0675   0.0000   0.0102  -0.1519    0.234
    66  14.0000   1.4240   0.0665   0.8795  -0.0242   0.7383   0.6176  -0.0611   0.0000   0.0088  -0.1500    0.236
    67  14.0000   1.3920   0.0650   0.8449  -0.0253   0.7256   0.6070  -0.0577   0.0000   0.0078  -0.1482    0.237
    68  14.0000   1.3600   0.0635   0.8122  -0.0262   0.7139   0.5972  -0.0541   0.0000   0.0070  -0.1465    0.238
    69  14.0000   1.3280   0.0620   0.7810  -0.0271   0.7030   0.5881  -0.0516   0.0000   0.0063  -0.1447    0.239
    70  14.0000   1.2960   0.0605   0.7509  -0.0279   0.6926   0.5794  -0.0490   0.0000   0.0059  -0.1429    0.240
    71  14.0000   1.2640   0.0590   0.7218  -0.0286   0.6826   0.5710  -0.0472   0.0000   0.0056  -0.1411    0.240
    72  14.0000   1.2320   0.0575   0.6934  -0.0293   0.6728   0.5628  -0.0462   0.0000   0.0054  -0.1391    0.240
    73  14.0000   1.2000   0.0560   0.6656  -0.0298   0.6630   0.5546  -0.0444   0.0000   0.0053  -0.1371    0.240
    74  14.0000   1.1680   0.0545   0.6383  -0.0304   0.6532   0.5464  -0.0427   0.0000   0.0054  -0.1350    0.240
    75  14.0000   1.1360   0.0530   0.6113  -0.0308   0.6432   0.5381  -0.0423   0.0000   0.0056  -0.1327    0.240
    76  14.0000   1.1040   0.0515   0.5845  -0.0312   0.6329   0.5295  -0.0422   0.0000   0.0058  -0.1303    0.239
    77  14.0000   1.0720   0.0500   0.5579  -0.0316   0.6221   0.5204  -0.0406   0.0000   0.0062  -0.1277    0.238
    78  14.0000   1.0400   0.0485   0.5313  -0.0318   0.6107   0.5109  -0.0395   0.0000   0.0067  -0.1248    0.237
    79  14.0000   1.0080   0.0470   0.5047  -0.0320   0.5985   0.5007  -0.0384   0.0000   0.0074  -0.1217    0.235
    80  14.0000   0.9760   0.0455   0.4778  -0.0321   0.5852   0.4896  -0.0381   0.0000   0.0081  -0.1182    0.233
    81  14.0000   0.9440   0.0441   0.4506  -0.0322   0.5706   0.4773  -0.0380   0.0000   0.0090  -0.1144    0.231
    82  14.0000   0.9120   0.0426   0.4229  -0.0321   0.5543   0.4637  -0.0341   0.0000   0.0099  -0.1101    0.229
    83  14.0000   0.8800   0.0411   0.3944  -0.0320   0.5358   0.4482  -0.0340   0.0000   0.0110  -0.1052    0.226
    84  14.0000   0.8480   0.0396   0.3650  -0.0317   0.5145   0.4304  -0.0332   0.0000   0.0121  -0.0997    0.222
    85  14.0000   0.8160   0.0381   0.3342  -0.0314   0.4895   0.4095  -0.0317   0.0000   0.0133  -0.0934    0.217
    86  14.0000   0.7840   0.0366   0.3015  -0.0309   0.4597   0.3845  -0.0303   0.0000   0.0145  -0.0860    0.212
    87  14.0000   0.7520   0.0351   0.2661  -0.0303   0.4229   0.3538  -0.0300   0.0000   0.0156  -0.0772    0.206
    88  14.0000   0.7200   0.0336   0.2265  -0.0295   0.3761   0.3146  -0.0256   0.0000   0.0162  -0.0667    0.199
    89  14.0000   0.6880   0.0321   0.1801  -0.0285   0.3130   0.2618  -0.0218   0.0000   0.0158  -0.0535    0.190
    90  14.0000   0.6560   0.0306   0.1194  -0.0273   0.2177   0.1821  -0.0178   0.0000   0.0130  -0.0355    0.179

  Surface # 4     Winglet (YDUP)                          
     # Chordwise = 10   # Spanwise = 30     First strip = 91
     Surface area =    1.568000       Ave. chord =    1.120000
     CLsurf  =   0.00051     Clsurf  =   0.00034
     CYsurf  =   0.00814     Cmsurf  =  -0.00053
     CDsurf  =  -0.00085     Cnsurf  =  -0.00084
     CDisurf =  -0.00085     CDvsurf =   0.00000

  Forces referred to Ssurf, Cave about hinge axis thru LE
     CLsurf  =   0.54486     CDsurf  =  -0.05677
     Deflect =

 Strip Forces referred to Strip Area, Chord
    j      Yle    Chord     Area     c cl      ai      cl_norm  cl       cd       cdv    cm_c/4    cm_LE  C.P.x/c
    91 -14.0000   1.5840   0.0739   1.2407  -0.0142   0.9363   0.7833  -0.1882   0.0000   0.0411   0.1618    0.198
    92 -14.0000   1.5520   0.0724   1.0717  -0.0172   0.8254   0.6905  -0.1164   0.0000   0.0204   0.1583    0.220
    93 -14.0000   1.5200   0.0709   1.0053  -0.0197   0.7906   0.6614  -0.0902   0.0000   0.0149   0.1560    0.228
    94 -14.0000   1.4880   0.0694   0.9572  -0.0215   0.7689   0.6433  -0.0751   0.0000   0.0120   0.1538    0.231
    95 -14.0000   1.4560   0.0679   0.9165  -0.0230   0.7524   0.6294  -0.0664   0.0000   0.0102   0.1519    0.234
    96 -14.0000   1.4240   0.0665   0.8795  -0.0242   0.7383   0.6176  -0.0610   0.0000   0.0088   0.1500    0.236
    97 -14.0000   1.3920   0.0650   0.8449  -0.0253   0.7256   0.6070  -0.0571   0.0000   0.0078   0.1482    0.237
    98 -14.0000   1.3600   0.0635   0.8122  -0.0262   0.7139   0.5972  -0.0535   0.0000   0.0070   0.1465    0.238
    99 -14.0000   1.3280   0.0620   0.7810  -0.0271   0.7030   0.5881  -0.0512   0.0000   0.0063   0.1447    0.239
   100 -14.0000   1.2960   0.0605   0.7509  -0.0279   0.6926   0.5794  -0.0492   0.0000   0.0059   0.1429    0.240
   101 -14.0000   1.2640   0.0590   0.7218  -0.0286   0.6826   0.5710  -0.0470   0.0000   0.0056   0.1411    0.240
   102 -14.0000   1.2320   0.0575   0.6934  -0.0293   0.6728   0.5628  -0.0460   0.0000   0.0054   0.1391    0.240
   103 -14.0000   1.2000   0.0560   0.6656  -0.0298   0.6630   0.5546  -0.0443   0.0000   0.0053   0.1371    0.240
   104 -14.0000   1.1680   0.0545   0.6383  -0.0304   0.6532   0.5464  -0.0426   0.0000   0.0054   0.1350    0.240
   105 -14.0000   1.1360   0.0530   0.6113  -0.0308   0.6432   0.5381  -0.0415   0.0000   0.0056   0.1327    0.240
   106 -14.0000   1.1040   0.0515   0.5845  -0.0312   0.6329   0.5295  -0.0417   0.0000   0.0058   0.1303    0.239
   107 -14.0000   1.0720   0.0500   0.5579  -0.0316   0.6221   0.5204  -0.0401   0.0000   0.0062   0.1277    0.238
   108 -14.0000   1.0400   0.0485   0.5313  -0.0318   0.6107   0.5109  -0.0388   0.0000   0.0067   0.1248    0.237
   109 -14.0000   1.0080   0.0470   0.5047  -0.0320   0.5985   0.5007  -0.0387   0.0000   0.0074   0.1217    0.235
   110 -14.0000   0.9760   0.0455   0.4778  -0.0321   0.5852   0.4896  -0.0380   0.0000   0.0081   0.1182    0.233
   111 -14.0000   0.9440   0.0441   0.4506  -0.0322   0.5706   0.4773  -0.0379   0.0000   0.0090   0.1144    0.231
   112 -14.0000   0.9120   0.0426   0.4229  -0.0321   0.5543   0.4637  -0.0334   0.0000   0.0099   0.1101    0.229
   113 -14.0000   0.8800   0.0411   0.3944  -0.0320   0.5358   0.4482  -0.0344   0.0000   0.0110   0.1052    0.226
   114 -14.0000   0.8480   0.0396   0.3650  -0.0317   0.5145   0.4304  -0.0333   0.0000   0.0121   0.0997    0.222
   115 -14.0000   0.8160   0.0381   0.3342  -0.0314   0.4895   0.4095  -0.0321   0.0000   0.0133   0.0934    0.217
   116 -14.0000   0.7840   0.0366   0.3015  -0.0309   0.4597   0.3845  -0.0293   0.0000   0.0145   0.0860    0.212
   117 -14.0000   0.7520   0.0351   0.2661  -0.0303   0.4229   0.3538  -0.0291   0.0000   0.0156   0.0772    0.206
   118 -14.0000   0.7200   0.0336   0.2265  -0.0295   0.3761   0.3146  -0.0253   0.0000   0.0162   0.0667    0.199
   119 -14.0000   0.6880   0.0321   0.1801  -0.0285   0.3130   0.2618  -0.0227   0.0000   0.0158   0.0535    0.190
   120 -14.0000   0.6560   0.0306   0.1194  -0.0273   0.2177   0.1821  -0.0170   0.0000   0.0130   0.0355    0.179
 ---------------------------------------------------------------
