 ---------------------------------------------------------------
 Surface and Strip Forces by surface

  Forces referred to Sref, Cref, Bref about Xref, Yref, Zref
 Standard axis orientation,  X fwd, Z down         

  Surface # 1     Wing                                    
     # Chordwise = 10   # Spanwise = 30     First strip =  1
     Surface area =   52.500000       Ave. chord =    3.750000
     CLsurf  =   0.25415     Clsurf  =  -0.05759
     CYsurf  =   0.00000     Cmsurf  =  -0.16256
     CDsurf  =   0.00420     Cnsurf  =  -0.00382
     CDisurf =   0.00420     CDvsurf =   0.00000

  Forces referred to Ssurf, Cave about hinge axis thru LE
     CLsurf  =   0.50829     CDsurf  =   0.00839
     Deflect =

 Strip Forces referred to Strip Area, Chord
    j      Yle    Chord     Area     c cl      ai      cl_norm  cl       cd       cdv    cm_c/4    cm_LE  C.P.x/c
     1   0.2333   5.4417   2.5394   2.2632   0.0357   0.4303   0.4157   0.0184   0.0000  -0.0085  -0.1091    0.271
     2   0.7000   5.3250   2.4850   2.2604   0.0356   0.4395   0.4246   0.0147   0.0000  -0.0062  -0.1090    0.265
     3   1.1667   5.2083   2.4306   2.2550   0.0354   0.4484   0.4332   0.0132   0.0000  -0.0043  -0.1092    0.260
     4   1.6333   5.0917   2.3761   2.2469   0.0352   0.4571   0.4417   0.0121   0.0000  -0.0029  -0.1098    0.257
     5   2.1000   4.9750   2.3217   2.2361   0.0349   0.4657   0.4500   0.0113   0.0000  -0.0018  -0.1107    0.254
     6   2.5667   4.8583   2.2672   2.2227   0.0345   0.4741   0.4581   0.0106   0.0000  -0.0009  -0.1119    0.252
     7   3.0333   4.7417   2.2128   2.2069   0.0341   0.4823   0.4661   0.0101   0.0000  -0.0003  -0.1131    0.251
     8   3.5000   4.6250   2.1583   2.1886   0.0336   0.4905   0.4739   0.0096   0.0000   0.0002  -0.1145    0.250
     9   3.9667   4.5083   2.1039   2.1678   0.0331   0.4984   0.4816   0.0090   0.0000   0.0006  -0.1160    0.249
    10   4.4333   4.3917   2.0494   2.1448   0.0325   0.5063   0.4892   0.0087   0.0000   0.0009  -0.1176    0.248
    11   4.9000   4.2750   1.9950   2.1195   0.0319   0.5140   0.4967   0.0083   0.0000   0.0011  -0.1192    0.248
    12   5.3667   4.1583   1.9406   2.0920   0.0313   0.5216   0.5040   0.0078   0.0000   0.0013  -0.1208    0.247
    13   5.8333   4.0417   1.8861   2.0624   0.0306   0.5291   0.5113   0.0075   0.0000   0.0014  -0.1224    0.247
    14   6.3000   3.9250   1.8317   2.0307   0.0299   0.5365   0.5184   0.0071   0.0000   0.0015  -0.1241    0.247
    15   6.7667   3.8083   1.7772   1.9970   0.0292   0.5438   0.5254   0.0067   0.0000   0.0015  -0.1257    0.247
    16   7.2333   3.6917   1.7228   1.9613   0.0284   0.5510   0.5324   0.0064   0.0000   0.0015  -0.1274    0.247
    17   7.7000   3.5750   1.6683   1.9237   0.0277   0.5581   0.5393   0.0060   0.0000   0.0015  -0.1290    0.247
    18   8.1667   3.4583   1.6139   1.8842   0.0269   0.5651   0.5461   0.0056   0.0000   0.0015  -0.1306    0.247
    19   8.6333   3.3417   1.5594   1.8429   0.0261   0.5721   0.5528   0.0053   0.0000   0.0015  -0.1323    0.247
    20   9.1000   3.2250   1.5050   1.7997   0.0252   0.5789   0.5594   0.0049   0.0000   0.0015  -0.1339    0.247
    21   9.5667   3.1083   1.4506   1.7547   0.0244   0.5857   0.5659   0.0045   0.0000   0.0015  -0.1355    0.247
    22  10.0333   2.9917   1.3961   1.7078   0.0235   0.5923   0.5723   0.0041   0.0000   0.0014  -0.1371    0.248
    23  10.5000   2.8750   1.3417   1.6590   0.0226   0.5987   0.5785   0.0038   0.0000   0.0013  -0.1387    0.248
    24  10.9667   2.7583   1.2872   1.6083   0.0217   0.6050   0.5846   0.0033   0.0000   0.0012  -0.1403    0.248
    25  11.4333   2.6417   1.2328   1.5555   0.0207   0.6110   0.5904   0.0030   0.0000   0.0009  -0.1419    0.248
    26  11.9000   2.5250   1.1783   1.5005   0.0197   0.6167   0.5959   0.0027   0.0000   0.0004  -0.1437    0.249
    27  12.3667   2.4083   1.1239   1.4430   0.0186   0.6218   0.6008   0.0026   0.0000  -0.0005  -0.1458    0.251
    28  12.8333   2.2917   1.0694   1.3826   0.0176   0.6261   0.6050   0.0028   0.0000  -0.0024  -0.1487    0.254
    29  13.3000   2.1750   1.0150   1.3184   0.0169   0.6289   0.6077   0.0045   0.0000  -0.0066  -0.1534    0.261
    30  13.7667   2.0583   0.9606   1.2468   0.0172   0.6279   0.6067   0.0116   0.0000  -0.0174  -0.1638    0.279

  Surface # 2     Wing (YDUP)                             
     # Chordwise = 10   # Spanwise = 30     First strip = 31
     Surface area =   52.500000       Ave. chord =    3.750000
     CLsurf  =   0.25415     Clsurf  =   0.05759
     CYsurf  =  -0.00001     Cmsurf  =  -0.16256
     CDsurf  =   0.00419     Cnsurf  =   0.00382
     CDisurf =   0.00419     CDvsurf =   0.00000

  Forces referred to Ssurf, Cave about hinge axis thru LE
     CLsurf  =   0.50829     CDsurf  =   0.00838
     Deflect =

 Strip Forces referred to Strip Area, Chord
    j      Yle    Chord     Area     c cl      ai      cl_norm  cl       cd       cdv    cm_c/4    cm_LE  C.P.x/c
    31  -0.2333   5.4417   2.5394   2.2632   0.0357   0.4303   0.4157   0.0184   0.0000  -0.0085   0.1091    0.271
    32  -0.7000   5.3250   2.4850   2.2604   0.0356   0.4395   0.4246   0.0147   0.0000  -0.0062   0.1090    0.265
    33  -1.1667   5.2083   2.4306   2.2550   0.0354   0.4484   0.4333   0.0132   0.0000  -0.0043   0.1092    0.260
    34  -1.6333   5.0917   2.3761   2.2469   0.0352   0.4571   0.4417   0.0121   0.0000  -0.0029   0.1098    0.257
    35  -2.1000   4.9750   2.3217   2.2361   0.0349   0.4657   0.4500   0.0113   0.0000  -0.0018   0.1107    0.254
    36  -2.5667   4.8583   2.2672   2.2227   0.0345   0.4741   0.4581   0.0106   0.0000  -0.0009   0.1119    0.252
    37  -3.0333   4.7417   2.2128   2.2069   0.0341   0.4823   0.4661   0.0101   0.0000  -0.0003   0.1131    0.251
    38  -3.5000   4.6250   2.1583   2.1886   0.0336   0.4905   0.4739   0.0096   0.0000   0.0002   0.1145    0.250
    39  -3.9667   4.5083   2.1039   2.1678   0.0331   0.4984   0.4816   0.0090   0.0000   0.0006   0.1160    0.249
    40  -4.4333   4.3917   2.0494   2.1448   0.0325   0.5063   0.4892   0.0087   0.0000   0.0009   0.1176    0.248
    41  -4.9000   4.2750   1.9950   2.1195   0.0319   0.5140   0.4967   0.0083   0.0000   0.0011   0.1192    0.248
    42  -5.3667   4.1583   1.9406   2.0920   0.0313   0.5216   0.5040   0.0078   0.0000   0.0013   0.1208    0.247
    43  -5.8333   4.0417   1.8861   2.0624   0.0306   0.5291   0.5113   0.0075   0.0000   0.0014   0.1224    0.247
    44  -6.3000   3.9250   1.8317   2.0307   0.0299   0.5365   0.5184   0.0071   0.0000   0.0015   0.1241    0.247
    45  -6.7667   3.8083   1.7772   1.9970   0.0292   0.5438   0.5254   0.0067   0.0000   0.0015   0.1257    0.247
    46  -7.2333   3.6917   1.7228   1.9613   0.0284   0.5510   0.5324   0.0064   0.0000   0.0015   0.1274    0.247
    47  -7.7000   3.5750   1.6683   1.9237   0.0277   0.5581   0.5393   0.0060   0.0000   0.0015   0.1290    0.247
    48  -8.1667   3.4583   1.6139   1.8842   0.0269   0.5651   0.5461   0.0056   0.0000   0.0015   0.1306    0.247
    49  -8.6333   3.3417   1.5594   1.8429   0.0261   0.5721   0.5528   0.0053   0.0000   0.0015   0.1323    0.247
    50  -9.1000   3.2250   1.5050   1.7997   0.0252   0.5789   0.5594   0.0049   0.0000   0.0015   0.1339    0.247
    51  -9.5667   3.1083   1.4506   1.7547   0.0244   0.5857   0.5659   0.0045   0.0000   0.0015   0.1355    0.247
    52 -10.0333   2.9917   1.3961   1.7078   0.0235   0.5923   0.5723   0.0041   0.0000   0.0014   0.1371    0.248
    53 -10.5000   2.8750   1.3417   1.6590   0.0226   0.5987   0.5785   0.0038   0.0000   0.0013   0.1387    0.248
    54 -10.9667   2.7583   1.2872   1.6083   0.0217   0.6050   0.5846   0.0033   0.0000   0.0012   0.1403    0.248
    55 -11.4333   2.6417   1.2328   1.5555   0.0207   0.6110   0.5904   0.0029   0.0000   0.0009   0.1419    0.248
    56 -11.9000   2.5250   1.1783   1.5005   0.0197   0.6167   0.5959   0.0027   0.0000   0.0004   0.1437    0.249
    57 -12.3667   2.4083   1.1239   1.4430   0.0186   0.6218   0.6008   0.0026   0.0000  -0.0005   0.1458    0.251
    58 -12.8333   2.2917   1.0694   1.3826   0.0176   0.6261   0.6050   0.0028   0.0000  -0.0024   0.1487    0.254
    59 -13.3000   2.1750   1.0150   1.3184   0.0169   0.6289   0.6077   0.0044   0.0000  -0.0066   0.1534    0.261
    60 -13.7667   2.0583   0.9606   1.2468   0.0172   0.6279   0.6067   0.0115   0.0000  -0.0174   0.1638    0.279

  Surface # 3     Winglet                                 
     # Chordwise = 10   # Spanwise = 30     First strip = 61
     Surface area =    8.781151       Ave. chord =    1.120000
     CLsurf  =   0.04585     Clsurf  =  -0.02869
     CYsurf  =   0.02595     Cmsurf  =  -0.04631
     CDsurf  =  -0.00077     Cnsurf  =  -0.00641
     CDisurf =  -0.00077     CDvsurf =   0.00000

  Forces referred to Ssurf, Cave about hinge axis thru LE
     CLsurf  =   0.63001     CDsurf  =  -0.00920
     Deflect =

 Strip Forces referred to Strip Area, Chord
    j      Yle    Chord     Area     c cl      ai      cl_norm  cl       cd       cdv    cm_c/4    cm_LE  C.P.x/c
    61  14.1132   1.5840   0.4140   1.1701   0.0074   0.7490   0.7457  -0.0779   0.0000   0.0310  -0.1536    0.208
    62  14.3395   1.5520   0.4056   1.1290   0.0038   0.7346   0.7313  -0.0320   0.0000   0.0199  -0.1619    0.223
    63  14.5658   1.5200   0.3972   1.0887   0.0014   0.7225   0.7193  -0.0204   0.0000   0.0130  -0.1660    0.232
    64  14.7922   1.4880   0.3889   1.0504  -0.0005   0.7117   0.7085  -0.0146   0.0000   0.0087  -0.1678    0.238
    65  15.0185   1.4560   0.3805   1.0128  -0.0020   0.7012   0.6980  -0.0115   0.0000   0.0059  -0.1680    0.242
    66  15.2448   1.4240   0.3722   0.9770  -0.0032   0.6914   0.6883  -0.0093   0.0000   0.0041  -0.1674    0.244
    67  15.4712   1.3920   0.3638   0.9429  -0.0040   0.6825   0.6795  -0.0078   0.0000   0.0030  -0.1663    0.246
    68  15.6975   1.3600   0.3554   0.9098  -0.0045   0.6740   0.6710  -0.0067   0.0000   0.0024  -0.1648    0.246
    69  15.9238   1.3280   0.3471   0.8782  -0.0048   0.6662   0.6633  -0.0058   0.0000   0.0020  -0.1633    0.247
    70  16.1502   1.2960   0.3387   0.8480  -0.0049   0.6591   0.6562  -0.0051   0.0000   0.0018  -0.1617    0.247
    71  16.3765   1.2640   0.3303   0.8187  -0.0049   0.6524   0.6495  -0.0045   0.0000   0.0017  -0.1601    0.247
    72  16.6028   1.2320   0.3220   0.7903  -0.0048   0.6462   0.6433  -0.0040   0.0000   0.0017  -0.1586    0.247
    73  16.8292   1.2000   0.3136   0.7627  -0.0046   0.6402   0.6373  -0.0036   0.0000   0.0018  -0.1571    0.247
    74  17.0555   1.1680   0.3052   0.7360  -0.0043   0.6346   0.6318  -0.0032   0.0000   0.0019  -0.1556    0.247
    75  17.2818   1.1360   0.2969   0.7096  -0.0039   0.6291   0.6263  -0.0028   0.0000   0.0020  -0.1542    0.247
    76  17.5082   1.1040   0.2885   0.6838  -0.0035   0.6238   0.6210  -0.0024   0.0000   0.0021  -0.1527    0.247
    77  17.7345   1.0720   0.2802   0.6583  -0.0031   0.6185   0.6157  -0.0022   0.0000   0.0022  -0.1513    0.246
    78  17.9608   1.0400   0.2718   0.6330  -0.0026   0.6129   0.6102  -0.0018   0.0000   0.0023  -0.1498    0.246
    79  18.1872   1.0080   0.2634   0.6077  -0.0019   0.6071   0.6044  -0.0015   0.0000   0.0025  -0.1482    0.246
    80  18.4135   0.9760   0.2551   0.5824  -0.0012   0.6009   0.5982  -0.0012   0.0000   0.0027  -0.1465    0.246
    81  18.6398   0.9440   0.2467   0.5568  -0.0004   0.5939   0.5913  -0.0007   0.0000   0.0029  -0.1445    0.245
    82  18.8662   0.9120   0.2383   0.5308   0.0006   0.5860   0.5834  -0.0004   0.0000   0.0031  -0.1423    0.245
    83  19.0925   0.8800   0.2300   0.5039   0.0018   0.5765   0.5739   0.0000   0.0000   0.0034  -0.1397    0.244
    84  19.3188   0.8480   0.2216   0.4758   0.0032   0.5649   0.5624   0.0005   0.0000   0.0038  -0.1364    0.243
    85  19.5452   0.8160   0.2133   0.4462   0.0051   0.5504   0.5479   0.0010   0.0000   0.0043  -0.1323    0.242
    86  19.7715   0.7840   0.2049   0.4136   0.0074   0.5310   0.5286   0.0017   0.0000   0.0050  -0.1268    0.240
    87  19.9978   0.7520   0.1965   0.3770   0.0105   0.5045   0.5023   0.0025   0.0000   0.0060  -0.1192    0.238
    88  20.2242   0.7200   0.1882   0.3335   0.0146   0.4661   0.4640   0.0036   0.0000   0.0075  -0.1083    0.234
    89  20.4505   0.6880   0.1798   0.2774   0.0201   0.4057   0.4038   0.0044   0.0000   0.0095  -0.0913    0.227
    90  20.6768   0.6560   0.1714   0.1941   0.0275   0.2976   0.2962   0.0052   0.0000   0.0112  -0.0628    0.212

  Surface # 4     Winglet (YDUP)                          
     # Chordwise = 10   # Spanwise = 30     First strip = 91
     Surface area =    8.781151       Ave. chord =    1.120000
     CLsurf  =   0.04585     Clsurf  =   0.02869
     CYsurf  =  -0.02595     Cmsurf  =  -0.04631
     CDsurf  =  -0.00077     Cnsurf  =   0.00641
     CDisurf =  -0.00077     CDvsurf =   0.00000

  Forces referred to Ssurf, Cave about hinge axis thru LE
     CLsurf  =   0.63001     CDsurf  =  -0.00920
     Deflect =

 Strip Forces referred to Strip Area, Chord
    j      Yle    Chord     Area     c cl      ai      cl_norm  cl       cd       cdv    cm_c/4    cm_LE  C.P.x/c
    91 -14.1132   1.5840   0.4140   1.1701   0.0074   0.7490   0.7457  -0.0779   0.0000   0.0310   0.1536    0.208
    92 -14.3395   1.5520   0.4056   1.1290   0.0038   0.7346   0.7313  -0.0320   0.0000   0.0199   0.1619    0.223
    93 -14.5658   1.5200   0.3972   1.0887   0.0014   0.7225   0.7193  -0.0204   0.0000   0.0130   0.1660    0.232
    94 -14.7922   1.4880   0.3889   1.0504  -0.0005   0.7117   0.7085  -0.0146   0.0000   0.0087   0.1678    0.238
    95 -15.0185   1.4560   0.3805   1.0128  -0.0020   0.7012   0.6980  -0.0115   0.0000   0.0059   0.1680    0.242
    96 -15.2448   1.4240   0.3722   0.9770  -0.0032   0.6914   0.6883  -0.0093   0.0000   0.0041   0.1674    0.244
    97 -15.4712   1.3920   0.3638   0.9429  -0.0040   0.6825   0.6795  -0.0078   0.0000   0.0030   0.1663    0.246
    98 -15.6975   1.3600   0.3554   0.9098  -0.0045   0.6740   0.6710  -0.0067   0.0000   0.0023   0.1648    0.246
    99 -15.9238   1.3280   0.3471   0.8782  -0.0048   0.6662   0.6633  -0.0058   0.0000   0.0020   0.1633    0.247
   100 -16.1502   1.2960   0.3387   0.8480  -0.0049   0.6591   0.6562  -0.0051   0.0000   0.0018   0.1617    0.247
   101 -16.3765   1.2640   0.3303   0.8187  -0.0049   0.6524   0.6495  -0.0045   0.0000   0.0017   0.1601    0.247
   102 -16.6028   1.2320   0.3220   0.7903  -0.0048   0.6462   0.6433  -0.0040   0.0000   0.0017   0.1586    0.247
   103 -16.8292   1.2000   0.3136   0.7627  -0.0046   0.6402   0.6373  -0.0036   0.0000   0.0018   0.1571    0.247
   104 -17.0555   1.1680   0.3052   0.7360  -0.0043   0.6346   0.6318  -0.0032   0.0000   0.0019   0.1556    0.247
   105 -17.2818   1.1360   0.2969   0.7096  -0.0039   0.6291   0.6263  -0.0028   0.0000   0.0020   0.1542    0.247
   106 -17.5082   1.1040   0.2885   0.6838  -0.0035   0.6238   0.6210  -0.0024   0.0000   0.0021   0.1527    0.247
   107 -17.7345   1.0720   0.2802   0.6583  -0.0031   0.6185   0.6157  -0.0022   0.0000   0.0022   0.1513    0.246
   108 -17.9608   1.0400   0.2718   0.6330  -0.0026   0.6129   0.6102  -0.0018   0.0000   0.0023   0.1498    0.246
   109 -18.1872   1.0080   0.2634   0.6077  -0.0019   0.6071   0.6044  -0.0015   0.0000   0.0025   0.1482    0.246
   110 -18.4135   0.9760   0.2551   0.5824  -0.0012   0.6009   0.5982  -0.0012   0.0000   0.0027   0.1465    0.246
   111 -18.6398   0.9440   0.2467   0.5568  -0.0004   0.5939   0.5913  -0.0007   0.0000   0.0029   0.1445    0.245
   112 -18.8662   0.9120   0.2383   0.5308   0.0006   0.5860   0.5834  -0.0004   0.0000   0.0031   0.1423    0.245
   113 -19.0925   0.8800   0.2300   0.5039   0.0018   0.5765   0.5739   0.0000   0.0000   0.0034   0.1397    0.244
   114 -19.3188   0.8480   0.2216   0.4758   0.0032   0.5649   0.5624   0.0005   0.0000   0.0038   0.1364    0.243
   115 -19.5452   0.8160   0.2133   0.4462   0.0051   0.5504   0.5479   0.0010   0.0000   0.0043   0.1323    0.242
   116 -19.7715   0.7840   0.2049   0.4136   0.0074   0.5310   0.5286   0.0017   0.0000   0.0050   0.1268    0.240
   117 -19.9978   0.7520   0.1965   0.3770   0.0105   0.5045   0.5023   0.0025   0.0000   0.0060   0.1192    0.238
   118 -20.2242   0.7200   0.1882   0.3335   0.0146   0.4661   0.4640   0.0036   0.0000   0.0075   0.1083    0.234
   119 -20.4505   0.6880   0.1798   0.2774   0.0201   0.4057   0.4038   0.0044   0.0000   0.0095   0.0913    0.227
   120 -20.6768   0.6560   0.1714   0.1941   0.0275   0.2976   0.2962   0.0052   0.0000   0.0112   0.0628    0.212
 ---------------------------------------------------------------
