 ---------------------------------------------------------------
 Surface and Strip Forces by surface

  Forces referred to Sref, Cref, Bref about Xref, Yref, Zref
 Standard axis orientation,  X fwd, Z down         

  Surface # 1     Wing                                    
     # Chordwise = 10   # Spanwise = 30     First strip =  1
     Surface area =   52.500000       Ave. chord =    3.750000
     CLsurf  =   0.29969     Clsurf  =  -0.06515
     CYsurf  =  -0.00026     Cmsurf  =  -0.18653
     CDsurf  =   0.00739     Cnsurf  =  -0.00526
     CDisurf =   0.00739     CDvsurf =   0.00000

  Forces referred to Ssurf, Cave about hinge axis thru LE
     CLsurf  =   0.59938     CDsurf  =   0.01478
     Deflect =

 Strip Forces referred to Strip Area, Chord
    j      Yle    Chord     Area     c cl      ai      cl_norm  cl       cd       cdv    cm_c/4    cm_LE  C.P.x/c
     1   0.2333   5.4417   2.5394   2.8017   0.0510   0.5324   0.5145   0.0297   0.0000  -0.0095  -0.1341    0.268
     2   0.7000   5.3250   2.4850   2.7979   0.0509   0.5440   0.5257   0.0241   0.0000  -0.0066  -0.1338    0.262
     3   1.1667   5.2083   2.4306   2.7904   0.0508   0.5549   0.5363   0.0218   0.0000  -0.0042  -0.1340    0.258
     4   1.6333   5.0917   2.3761   2.7792   0.0505   0.5656   0.5466   0.0201   0.0000  -0.0024  -0.1347    0.254
     5   2.1000   4.9750   2.3217   2.7643   0.0502   0.5759   0.5566   0.0189   0.0000  -0.0010  -0.1357    0.252
     6   2.5667   4.8583   2.2672   2.7458   0.0499   0.5859   0.5662   0.0178   0.0000   0.0001  -0.1370    0.250
     7   3.0333   4.7417   2.2128   2.7237   0.0495   0.5957   0.5756   0.0170   0.0000   0.0010  -0.1384    0.248
     8   3.5000   4.6250   2.1583   2.6982   0.0491   0.6051   0.5847   0.0162   0.0000   0.0016  -0.1399    0.247
     9   3.9667   4.5083   2.1039   2.6692   0.0486   0.6142   0.5935   0.0154   0.0000   0.0022  -0.1415    0.246
    10   4.4333   4.3917   2.0494   2.6368   0.0481   0.6229   0.6020   0.0149   0.0000   0.0026  -0.1431    0.246
    11   4.9000   4.2750   1.9950   2.6010   0.0476   0.6313   0.6101   0.0143   0.0000   0.0030  -0.1447    0.245
    12   5.3667   4.1583   1.9406   2.5619   0.0472   0.6393   0.6179   0.0137   0.0000   0.0033  -0.1462    0.245
    13   5.8333   4.0417   1.8861   2.5195   0.0467   0.6470   0.6252   0.0132   0.0000   0.0036  -0.1477    0.244
    14   6.3000   3.9250   1.8317   2.4738   0.0462   0.6542   0.6322   0.0126   0.0000   0.0038  -0.1491    0.244
    15   6.7667   3.8083   1.7772   2.4247   0.0458   0.6609   0.6387   0.0122   0.0000   0.0041  -0.1505    0.244
    16   7.2333   3.6917   1.7228   2.3721   0.0454   0.6671   0.6447   0.0117   0.0000   0.0043  -0.1516    0.243
    17   7.7000   3.5750   1.6683   2.3161   0.0451   0.6726   0.6500   0.0112   0.0000   0.0046  -0.1526    0.243
    18   8.1667   3.4583   1.6139   2.2564   0.0449   0.6775   0.6547   0.0107   0.0000   0.0050  -0.1534    0.242
    19   8.6333   3.3417   1.5594   2.1929   0.0448   0.6814   0.6585   0.0103   0.0000   0.0053  -0.1540    0.242
    20   9.1000   3.2250   1.5050   2.1252   0.0448   0.6843   0.6613   0.0098   0.0000   0.0058  -0.1542    0.241
    21   9.5667   3.1083   1.4506   2.0529   0.0449   0.6859   0.6629   0.0093   0.0000   0.0063  -0.1541    0.240
    22  10.0333   2.9917   1.3961   1.9755   0.0453   0.6859   0.6628   0.0089   0.0000   0.0070  -0.1534    0.239
    23  10.5000   2.8750   1.3417   1.8923   0.0459   0.6836   0.6607   0.0086   0.0000   0.0078  -0.1521    0.238
    24  10.9667   2.7583   1.2872   1.8021   0.0469   0.6787   0.6558   0.0081   0.0000   0.0088  -0.1500    0.237
    25  11.4333   2.6417   1.2328   1.7036   0.0482   0.6699   0.6474   0.0078   0.0000   0.0100  -0.1467    0.235
    26  11.9000   2.5250   1.1783   1.5947   0.0499   0.6561   0.6340   0.0076   0.0000   0.0114  -0.1421    0.232
    27  12.3667   2.4083   1.1239   1.4726   0.0523   0.6352   0.6138   0.0075   0.0000   0.0129  -0.1358    0.229
    28  12.8333   2.2917   1.0694   1.3336   0.0554   0.6044   0.5841   0.0077   0.0000   0.0142  -0.1274    0.226
    29  13.3000   2.1750   1.0150   1.1744   0.0595   0.5606   0.5417   0.0094   0.0000   0.0139  -0.1175    0.224
    30  13.7667   2.0583   0.9606   1.0034   0.0652   0.5053   0.4883   0.0163   0.0000   0.0070  -0.1115    0.236

  Surface # 2     Wing (YDUP)                             
     # Chordwise = 10   # Spanwise = 30     First strip = 31
     Surface area =   52.500000       Ave. chord =    3.750000
     CLsurf  =   0.29969     Clsurf  =   0.06515
     CYsurf  =   0.00026     Cmsurf  =  -0.18653
     CDsurf  =   0.00738     Cnsurf  =   0.00527
     CDisurf =   0.00738     CDvsurf =   0.00000

  Forces referred to Ssurf, Cave about hinge axis thru LE
     CLsurf  =   0.59938     CDsurf  =   0.01476
     Deflect =

 Strip Forces referred to Strip Area, Chord
    j      Yle    Chord     Area     c cl      ai      cl_norm  cl       cd       cdv    cm_c/4    cm_LE  C.P.x/c
    31  -0.2333   5.4417   2.5394   2.8017   0.0510   0.5324   0.5145   0.0297   0.0000  -0.0095   0.1341    0.268
    32  -0.7000   5.3250   2.4850   2.7979   0.0509   0.5440   0.5257   0.0241   0.0000  -0.0066   0.1338    0.262
    33  -1.1667   5.2083   2.4306   2.7904   0.0508   0.5549   0.5363   0.0217   0.0000  -0.0042   0.1340    0.258
    34  -1.6333   5.0917   2.3761   2.7792   0.0505   0.5656   0.5466   0.0201   0.0000  -0.0024   0.1347    0.254
    35  -2.1000   4.9750   2.3217   2.7643   0.0502   0.5759   0.5566   0.0189   0.0000  -0.0010   0.1357    0.252
    36  -2.5667   4.8583   2.2672   2.7458   0.0499   0.5859   0.5663   0.0178   0.0000   0.0001   0.1370    0.250
    37  -3.0333   4.7417   2.2128   2.7237   0.0495   0.5957   0.5756   0.0170   0.0000   0.0010   0.1384    0.248
    38  -3.5000   4.6250   2.1583   2.6982   0.0491   0.6051   0.5847   0.0162   0.0000   0.0016   0.1399    0.247
    39  -3.9667   4.5083   2.1039   2.6692   0.0486   0.6142   0.5935   0.0154   0.0000   0.0022   0.1415    0.246
    40  -4.4333   4.3917   2.0494   2.6368   0.0481   0.6229   0.6020   0.0149   0.0000   0.0026   0.1431    0.246
    41  -4.9000   4.2750   1.9950   2.6010   0.0476   0.6313   0.6101   0.0143   0.0000   0.0030   0.1447    0.245
    42  -5.3667   4.1583   1.9406   2.5619   0.0472   0.6393   0.6179   0.0137   0.0000   0.0033   0.1462    0.245
    43  -5.8333   4.0417   1.8861   2.5195   0.0467   0.6470   0.6252   0.0132   0.0000   0.0036   0.1477    0.244
    44  -6.3000   3.9250   1.8317   2.4738   0.0462   0.6542   0.6322   0.0126   0.0000   0.0038   0.1491    0.244
    45  -6.7667   3.8083   1.7772   2.4247   0.0458   0.6609   0.6387   0.0122   0.0000   0.0041   0.1505    0.244
    46  -7.2333   3.6917   1.7228   2.3721   0.0454   0.6671   0.6447   0.0117   0.0000   0.0043   0.1516    0.243
    47  -7.7000   3.5750   1.6683   2.3161   0.0451   0.6726   0.6500   0.0112   0.0000   0.0046   0.1526    0.243
    48  -8.1667   3.4583   1.6139   2.2564   0.0449   0.6775   0.6547   0.0107   0.0000   0.0050   0.1534    0.242
    49  -8.6333   3.3417   1.5594   2.1929   0.0448   0.6814   0.6585   0.0103   0.0000   0.0053   0.1540    0.242
    50  -9.1000   3.2250   1.5050   2.1252   0.0448   0.6843   0.6613   0.0098   0.0000   0.0058   0.1542    0.241
    51  -9.5667   3.1083   1.4506   2.0529   0.0449   0.6859   0.6629   0.0093   0.0000   0.0063   0.1541    0.240
    52 -10.0333   2.9917   1.3961   1.9755   0.0453   0.6859   0.6628   0.0089   0.0000   0.0070   0.1534    0.239
    53 -10.5000   2.8750   1.3417   1.8923   0.0459   0.6836   0.6607   0.0086   0.0000   0.0078   0.1521    0.238
    54 -10.9667   2.7583   1.2872   1.8021   0.0469   0.6787   0.6558   0.0080   0.0000   0.0088   0.1500    0.237
    55 -11.4333   2.6417   1.2328   1.7036   0.0482   0.6699   0.6474   0.0077   0.0000   0.0100   0.1467    0.235
    56 -11.9000   2.5250   1.1783   1.5947   0.0499   0.6561   0.6340   0.0076   0.0000   0.0114   0.1421    0.232
    57 -12.3667   2.4083   1.1239   1.4726   0.0523   0.6352   0.6138   0.0075   0.0000   0.0129   0.1358    0.229
    58 -12.8333   2.2917   1.0694   1.3336   0.0554   0.6044   0.5841   0.0077   0.0000   0.0142   0.1274    0.226
    59 -13.3000   2.1750   1.0150   1.1744   0.0595   0.5606   0.5417   0.0094   0.0000   0.0139   0.1175    0.224
    60 -13.7667   2.0583   0.9606   1.0034   0.0652   0.5053   0.4884   0.0162   0.0000   0.0070   0.1115    0.236

  Surface # 3     Winglet                                 
     # Chordwise = 10   # Spanwise = 30     First strip = 61
     Surface area =    0.627200       Ave. chord =    1.120000
     CLsurf  =   0.00031     Clsurf  =  -0.00014
     CYsurf  =  -0.00307     Cmsurf  =  -0.00027
     CDsurf  =  -0.00054     Cnsurf  =   0.00019
     CDisurf =  -0.00054     CDvsurf =   0.00000

  Forces referred to Ssurf, Cave about hinge axis thru LE
     CLsurf  =   0.51444     CDsurf  =  -0.08999
     Deflect =

 Strip Forces referred to Strip Area, Chord
    j      Yle    Chord     Area     c cl      ai      cl_norm  cl       cd       cdv    cm_c/4    cm_LE  C.P.x/c
    61  14.0000   1.5840   0.0296   1.1649  -0.0035   0.7576   0.7354  -0.2904   0.0000   0.0245  -0.1637    0.217
    62  14.0000   1.5520   0.0290   1.0421  -0.0045   0.6917   0.6715  -0.2134   0.0000   0.0132  -0.1586    0.230
    63  14.0000   1.5200   0.0284   0.9511  -0.0066   0.6446   0.6258  -0.1607   0.0000   0.0049  -0.1551    0.242
    64  14.0000   1.4880   0.0278   0.8965  -0.0099   0.6207   0.6025  -0.1336   0.0000   0.0014  -0.1526    0.248
    65  14.0000   1.4560   0.0272   0.8543  -0.0131   0.6045   0.5868  -0.1165   0.0000  -0.0006  -0.1505    0.251
    66  14.0000   1.4240   0.0266   0.8184  -0.0152   0.5921   0.5747  -0.1025   0.0000  -0.0020  -0.1486    0.253
    67  14.0000   1.3920   0.0260   0.7863  -0.0165   0.5820   0.5649  -0.0947   0.0000  -0.0030  -0.1471    0.255
    68  14.0000   1.3600   0.0254   0.7568  -0.0175   0.5733   0.5565  -0.0860   0.0000  -0.0038  -0.1456    0.257
    69  14.0000   1.3280   0.0248   0.7291  -0.0185   0.5656   0.5490  -0.0811   0.0000  -0.0044  -0.1443    0.258
    70  14.0000   1.2960   0.0242   0.7025  -0.0195   0.5584   0.5421  -0.0756   0.0000  -0.0049  -0.1429    0.259
    71  14.0000   1.2640   0.0236   0.6768  -0.0206   0.5516   0.5355  -0.0702   0.0000  -0.0054  -0.1416    0.260
    72  14.0000   1.2320   0.0230   0.6517  -0.0217   0.5449   0.5290  -0.0693   0.0000  -0.0057  -0.1403    0.261
    73  14.0000   1.2000   0.0224   0.6270  -0.0228   0.5383   0.5225  -0.0621   0.0000  -0.0060  -0.1388    0.261
    74  14.0000   1.1680   0.0218   0.6025  -0.0240   0.5314   0.5159  -0.0643   0.0000  -0.0062  -0.1373    0.262
    75  14.0000   1.1360   0.0212   0.5782  -0.0251   0.5244   0.5090  -0.0608   0.0000  -0.0064  -0.1357    0.263
    76  14.0000   1.1040   0.0206   0.5540  -0.0262   0.5170   0.5018  -0.0587   0.0000  -0.0065  -0.1340    0.263
    77  14.0000   1.0720   0.0200   0.5297  -0.0273   0.5091   0.4941  -0.0558   0.0000  -0.0065  -0.1320    0.263
    78  14.0000   1.0400   0.0194   0.5053  -0.0284   0.5005   0.4859  -0.0545   0.0000  -0.0065  -0.1299    0.263
    79  14.0000   1.0080   0.0188   0.4806  -0.0296   0.4912   0.4768  -0.0566   0.0000  -0.0063  -0.1275    0.263
    80  14.0000   0.9760   0.0182   0.4556  -0.0308   0.4809   0.4668  -0.0515   0.0000  -0.0062  -0.1247    0.263
    81  14.0000   0.9440   0.0176   0.4301  -0.0319   0.4693   0.4556  -0.0473   0.0000  -0.0059  -0.1216    0.263
    82  14.0000   0.9120   0.0170   0.4039  -0.0331   0.4562   0.4429  -0.0465   0.0000  -0.0055  -0.1181    0.262
    83  14.0000   0.8800   0.0164   0.3769  -0.0343   0.4412   0.4283  -0.0471   0.0000  -0.0051  -0.1140    0.262
    84  14.0000   0.8480   0.0158   0.3488  -0.0355   0.4238   0.4113  -0.0431   0.0000  -0.0045  -0.1092    0.261
    85  14.0000   0.8160   0.0152   0.3193  -0.0366   0.4031   0.3913  -0.0451   0.0000  -0.0039  -0.1035    0.260
    86  14.0000   0.7840   0.0146   0.2879  -0.0378   0.3783   0.3672  -0.0432   0.0000  -0.0031  -0.0967    0.259
    87  14.0000   0.7520   0.0140   0.2539  -0.0388   0.3478   0.3376  -0.0406   0.0000  -0.0024  -0.0885    0.257
    88  14.0000   0.7200   0.0134   0.2159  -0.0398   0.3089   0.2998  -0.0367   0.0000  -0.0015  -0.0781    0.255
    89  14.0000   0.6880   0.0128   0.1714  -0.0406   0.2566   0.2491  -0.0351   0.0000  -0.0007  -0.0644    0.253
    90  14.0000   0.6560   0.0122   0.1134  -0.0411   0.1781   0.1729  -0.0320   0.0000  -0.0001  -0.0444    0.251

  Surface # 4     Winglet (YDUP)                          
     # Chordwise = 10   # Spanwise = 30     First strip = 91
     Surface area =    0.627200       Ave. chord =    1.120000
     CLsurf  =   0.00031     Clsurf  =   0.00014
     CYsurf  =   0.00307     Cmsurf  =  -0.00027
     CDsurf  =  -0.00054     Cnsurf  =  -0.00019
     CDisurf =  -0.00054     CDvsurf =   0.00000

  Forces referred to Ssurf, Cave about hinge axis thru LE
     CLsurf  =   0.51444     CDsurf  =  -0.08996
     Deflect =

 Strip Forces referred to Strip Area, Chord
    j      Yle    Chord     Area     c cl      ai      cl_norm  cl       cd       cdv    cm_c/4    cm_LE  C.P.x/c
    91 -14.0000   1.5840   0.0296   1.1649  -0.0035   0.7576   0.7354  -0.2901   0.0000   0.0245   0.1637    0.217
    92 -14.0000   1.5520   0.0290   1.0421  -0.0045   0.6917   0.6715  -0.2124   0.0000   0.0132   0.1586    0.230
    93 -14.0000   1.5200   0.0284   0.9511  -0.0066   0.6446   0.6258  -0.1603   0.0000   0.0049   0.1551    0.242
    94 -14.0000   1.4880   0.0278   0.8965  -0.0099   0.6207   0.6025  -0.1338   0.0000   0.0014   0.1526    0.248
    95 -14.0000   1.4560   0.0272   0.8543  -0.0131   0.6045   0.5868  -0.1143   0.0000  -0.0006   0.1505    0.251
    96 -14.0000   1.4240   0.0266   0.8184  -0.0152   0.5921   0.5747  -0.1004   0.0000  -0.0020   0.1486    0.253
    97 -14.0000   1.3920   0.0260   0.7863  -0.0165   0.5820   0.5649  -0.0936   0.0000  -0.0030   0.1471    0.255
    98 -14.0000   1.3600   0.0254   0.7568  -0.0175   0.5733   0.5565  -0.0848   0.0000  -0.0038   0.1456    0.257
    99 -14.0000   1.3280   0.0248   0.7291  -0.0185   0.5656   0.5490  -0.0811   0.0000  -0.0044   0.1443    0.258
   100 -14.0000   1.2960   0.0242   0.7025  -0.0195   0.5584   0.5421  -0.0751   0.0000  -0.0049   0.1429    0.259
   101 -14.0000   1.2640   0.0236   0.6768  -0.0206   0.5516   0.5355  -0.0705   0.0000  -0.0054   0.1416    0.260
   102 -14.0000   1.2320   0.0230   0.6517  -0.0217   0.5449   0.5290  -0.0705   0.0000  -0.0057   0.1403    0.261
   103 -14.0000   1.2000   0.0224   0.6270  -0.0228   0.5383   0.5225  -0.0602   0.0000  -0.0060   0.1388    0.261
   104 -14.0000   1.1680   0.0218   0.6025  -0.0240   0.5314   0.5159  -0.0659   0.0000  -0.0062   0.1373    0.262
   105 -14.0000   1.1360   0.0212   0.5782  -0.0251   0.5244   0.5090  -0.0610   0.0000  -0.0064   0.1357    0.263
   106 -14.0000   1.1040   0.0206   0.5540  -0.0262   0.5170   0.5018  -0.0585   0.0000  -0.0065   0.1340    0.263
   107 -14.0000   1.0720   0.0200   0.5297  -0.0273   0.5091   0.4941  -0.0564   0.0000  -0.0065   0.1320    0.263
   108 -14.0000   1.0400   0.0194   0.5053  -0.0284   0.5005   0.4859  -0.0554   0.0000  -0.0065   0.1299    0.263
   109 -14.0000   1.0080   0.0188   0.4806  -0.0296   0.4912   0.4768  -0.0570   0.0000  -0.0063   0.1275    0.263
   110 -14.0000   0.9760   0.0182   0.4556  -0.0308   0.4809   0.4668  -0.0510   0.0000  -0.0062   0.1247    0.263
   111 -14.0000   0.9440   0.0176   0.4301  -0.0319   0.4693   0.4556  -0.0514   0.0000  -0.0059   0.1216    0.263
   112 -14.0000   0.9120   0.0170   0.4039  -0.0331   0.4562   0.4429  -0.0487   0.0000  -0.0055   0.1181    0.262
   113 -14.0000   0.8800   0.0164   0.3769  -0.0343   0.4412   0.4283  -0.0470   0.0000  -0.0051   0.1140    0.262
   114 -14.0000   0.8480   0.0158   0.3488  -0.0355   0.4238   0.4113  -0.0451   0.0000  -0.0045   0.1092    0.261
   115 -14.0000   0.8160   0.0152   0.3193  -0.0366   0.4031   0.3913  -0.0413   0.0000  -0.0039   0.1035    0.260
   116 -14.0000   0.7840   0.0146   0.2879  -0.0378   0.3783   0.3672  -0.0464   0.0000  -0.0031   0.0967    0.259
   117 -14.0000   0.7520   0.0140   0.2539  -0.0388   0.3478   0.3376  -0.0400   0.0000  -0.0024   0.0885    0.257
   118 -14.0000   0.7200   0.0134   0.2159  -0.0398   0.3089   0.2998  -0.0378   0.0000  -0.0015   0.0781    0.255
   119 -14.0000   0.6880   0.0128   0.1714  -0.0406   0.2566   0.2491  -0.0370   0.0000  -0.0007   0.0644    0.253
   120 -14.0000   0.6560   0.0122   0.1134  -0.0411   0.1781   0.1729  -0.0323   0.0000  -0.0001   0.0444    0.251
 ---------------------------------------------------------------
