 ---------------------------------------------------------------
 Surface and Strip Forces by surface

  Forces referred to Sref, Cref, Bref about Xref, Yref, Zref
 Standard axis orientation,  X fwd, Z down         

  Surface # 1     Wing                                    
     # Chordwise = 10   # Spanwise = 30     First strip =  1
     Surface area =   52.500000       Ave. chord =    3.750000
     CLsurf  =   0.29939     Clsurf  =  -0.06632
     CYsurf  =  -0.00024     Cmsurf  =  -0.18872
     CDsurf  =   0.00728     Cnsurf  =  -0.00515
     CDisurf =   0.00728     CDvsurf =   0.00000

  Forces referred to Ssurf, Cave about hinge axis thru LE
     CLsurf  =   0.59877     CDsurf  =   0.01455
     Deflect =

 Strip Forces referred to Strip Area, Chord
    j      Yle    Chord     Area     c cl      ai      cl_norm  cl       cd       cdv    cm_c/4    cm_LE  C.P.x/c
     1   0.2333   5.4417   2.5394   2.7439   0.0490   0.5214   0.5039   0.0283   0.0000  -0.0095  -0.1315    0.269
     2   0.7000   5.3250   2.4850   2.7403   0.0489   0.5328   0.5148   0.0229   0.0000  -0.0066  -0.1312    0.263
     3   1.1667   5.2083   2.4306   2.7331   0.0487   0.5435   0.5253   0.0207   0.0000  -0.0043  -0.1315    0.258
     4   1.6333   5.0917   2.3761   2.7224   0.0485   0.5540   0.5354   0.0191   0.0000  -0.0026  -0.1322    0.255
     5   2.1000   4.9750   2.3217   2.7081   0.0482   0.5642   0.5452   0.0179   0.0000  -0.0012  -0.1332    0.252
     6   2.5667   4.8583   2.2672   2.6905   0.0478   0.5741   0.5548   0.0169   0.0000  -0.0001  -0.1344    0.250
     7   3.0333   4.7417   2.2128   2.6694   0.0474   0.5837   0.5641   0.0161   0.0000   0.0007  -0.1359    0.249
     8   3.5000   4.6250   2.1583   2.6451   0.0470   0.5931   0.5732   0.0154   0.0000   0.0013  -0.1374    0.248
     9   3.9667   4.5083   2.1039   2.6175   0.0465   0.6022   0.5819   0.0146   0.0000   0.0019  -0.1390    0.247
    10   4.4333   4.3917   2.0494   2.5866   0.0460   0.6110   0.5904   0.0141   0.0000   0.0023  -0.1407    0.246
    11   4.9000   4.2750   1.9950   2.5527   0.0454   0.6195   0.5987   0.0136   0.0000   0.0026  -0.1423    0.246
    12   5.3667   4.1583   1.9406   2.5156   0.0449   0.6277   0.6066   0.0130   0.0000   0.0029  -0.1440    0.245
    13   5.8333   4.0417   1.8861   2.4755   0.0443   0.6356   0.6142   0.0125   0.0000   0.0031  -0.1456    0.245
    14   6.3000   3.9250   1.8317   2.4324   0.0438   0.6432   0.6215   0.0120   0.0000   0.0033  -0.1471    0.245
    15   6.7667   3.8083   1.7772   2.3863   0.0433   0.6504   0.6285   0.0115   0.0000   0.0035  -0.1486    0.244
    16   7.2333   3.6917   1.7228   2.3371   0.0428   0.6571   0.6350   0.0111   0.0000   0.0036  -0.1500    0.244
    17   7.7000   3.5750   1.6683   2.2849   0.0423   0.6635   0.6412   0.0106   0.0000   0.0038  -0.1513    0.244
    18   8.1667   3.4583   1.6139   2.2296   0.0419   0.6693   0.6468   0.0102   0.0000   0.0040  -0.1525    0.244
    19   8.6333   3.3417   1.5594   2.1711   0.0415   0.6746   0.6519   0.0098   0.0000   0.0042  -0.1535    0.244
    20   9.1000   3.2250   1.5050   2.1094   0.0412   0.6792   0.6563   0.0094   0.0000   0.0044  -0.1543    0.243
    21   9.5667   3.1083   1.4506   2.0442   0.0409   0.6829   0.6599   0.0090   0.0000   0.0047  -0.1550    0.243
    22  10.0333   2.9917   1.3961   1.9754   0.0408   0.6857   0.6626   0.0086   0.0000   0.0049  -0.1554    0.243
    23  10.5000   2.8750   1.3417   1.9027   0.0407   0.6873   0.6642   0.0084   0.0000   0.0052  -0.1555    0.242
    24  10.9667   2.7583   1.2872   1.8258   0.0408   0.6874   0.6643   0.0082   0.0000   0.0053  -0.1554    0.242
    25  11.4333   2.6417   1.2328   1.7445   0.0409   0.6858   0.6627   0.0081   0.0000   0.0053  -0.1550    0.242
    26  11.9000   2.5250   1.1783   1.6585   0.0411   0.6821   0.6592   0.0085   0.0000   0.0048  -0.1546    0.243
    27  12.3667   2.4083   1.1239   1.5679   0.0413   0.6760   0.6533   0.0092   0.0000   0.0033  -0.1547    0.245
    28  12.8333   2.2917   1.0694   1.4732   0.0420   0.6673   0.6449   0.0110   0.0000  -0.0003  -0.1562    0.250
    29  13.3000   2.1750   1.0150   1.3758   0.0438   0.6562   0.6341   0.0154   0.0000  -0.0083  -0.1614    0.263
    30  13.7667   2.0583   0.9606   1.2791   0.0496   0.6434   0.6218   0.0267   0.0000  -0.0254  -0.1754    0.291

  Surface # 2     Wing (YDUP)                             
     # Chordwise = 10   # Spanwise = 30     First strip = 31
     Surface area =   52.500000       Ave. chord =    3.750000
     CLsurf  =   0.29939     Clsurf  =   0.06632
     CYsurf  =   0.00024     Cmsurf  =  -0.18872
     CDsurf  =   0.00727     Cnsurf  =   0.00515
     CDisurf =   0.00727     CDvsurf =   0.00000

  Forces referred to Ssurf, Cave about hinge axis thru LE
     CLsurf  =   0.59877     CDsurf  =   0.01454
     Deflect =

 Strip Forces referred to Strip Area, Chord
    j      Yle    Chord     Area     c cl      ai      cl_norm  cl       cd       cdv    cm_c/4    cm_LE  C.P.x/c
    31  -0.2333   5.4417   2.5394   2.7439   0.0490   0.5214   0.5039   0.0283   0.0000  -0.0095   0.1315    0.269
    32  -0.7000   5.3250   2.4850   2.7403   0.0489   0.5328   0.5148   0.0229   0.0000  -0.0066   0.1312    0.263
    33  -1.1667   5.2083   2.4306   2.7331   0.0487   0.5435   0.5253   0.0207   0.0000  -0.0043   0.1315    0.258
    34  -1.6333   5.0917   2.3761   2.7224   0.0485   0.5540   0.5354   0.0191   0.0000  -0.0026   0.1322    0.255
    35  -2.1000   4.9750   2.3217   2.7081   0.0482   0.5642   0.5452   0.0179   0.0000  -0.0012   0.1332    0.252
    36  -2.5667   4.8583   2.2672   2.6905   0.0478   0.5741   0.5548   0.0169   0.0000  -0.0001   0.1344    0.250
    37  -3.0333   4.7417   2.2128   2.6694   0.0474   0.5837   0.5641   0.0161   0.0000   0.0007   0.1359    0.249
    38  -3.5000   4.6250   2.1583   2.6451   0.0470   0.5931   0.5732   0.0154   0.0000   0.0013   0.1374    0.248
    39  -3.9667   4.5083   2.1039   2.6175   0.0465   0.6022   0.5819   0.0146   0.0000   0.0019   0.1390    0.247
    40  -4.4333   4.3917   2.0494   2.5866   0.0460   0.6110   0.5904   0.0141   0.0000   0.0023   0.1407    0.246
    41  -4.9000   4.2750   1.9950   2.5527   0.0454   0.6195   0.5987   0.0136   0.0000   0.0026   0.1423    0.246
    42  -5.3667   4.1583   1.9406   2.5156   0.0449   0.6277   0.6066   0.0130   0.0000   0.0029   0.1440    0.245
    43  -5.8333   4.0417   1.8861   2.4755   0.0443   0.6356   0.6142   0.0125   0.0000   0.0031   0.1456    0.245
    44  -6.3000   3.9250   1.8317   2.4324   0.0438   0.6432   0.6215   0.0120   0.0000   0.0033   0.1471    0.245
    45  -6.7667   3.8083   1.7772   2.3863   0.0433   0.6504   0.6285   0.0115   0.0000   0.0035   0.1486    0.244
    46  -7.2333   3.6917   1.7228   2.3371   0.0428   0.6571   0.6350   0.0111   0.0000   0.0036   0.1500    0.244
    47  -7.7000   3.5750   1.6683   2.2849   0.0423   0.6635   0.6412   0.0106   0.0000   0.0038   0.1513    0.244
    48  -8.1667   3.4583   1.6139   2.2296   0.0419   0.6693   0.6468   0.0102   0.0000   0.0040   0.1525    0.244
    49  -8.6333   3.3417   1.5594   2.1711   0.0415   0.6746   0.6519   0.0098   0.0000   0.0042   0.1535    0.244
    50  -9.1000   3.2250   1.5050   2.1094   0.0412   0.6792   0.6563   0.0094   0.0000   0.0044   0.1543    0.243
    51  -9.5667   3.1083   1.4506   2.0442   0.0409   0.6829   0.6599   0.0090   0.0000   0.0047   0.1550    0.243
    52 -10.0333   2.9917   1.3961   1.9754   0.0408   0.6857   0.6626   0.0086   0.0000   0.0049   0.1554    0.243
    53 -10.5000   2.8750   1.3417   1.9027   0.0407   0.6873   0.6642   0.0084   0.0000   0.0052   0.1555    0.242
    54 -10.9667   2.7583   1.2872   1.8258   0.0408   0.6874   0.6643   0.0081   0.0000   0.0053   0.1554    0.242
    55 -11.4333   2.6417   1.2328   1.7445   0.0409   0.6858   0.6628   0.0081   0.0000   0.0053   0.1550    0.242
    56 -11.9000   2.5250   1.1783   1.6585   0.0411   0.6821   0.6592   0.0085   0.0000   0.0048   0.1546    0.243
    57 -12.3667   2.4083   1.1239   1.5679   0.0413   0.6760   0.6533   0.0092   0.0000   0.0033   0.1547    0.245
    58 -12.8333   2.2917   1.0694   1.4732   0.0420   0.6673   0.6449   0.0110   0.0000  -0.0003   0.1562    0.250
    59 -13.3000   2.1750   1.0150   1.3758   0.0438   0.6562   0.6341   0.0154   0.0000  -0.0083   0.1614    0.263
    60 -13.7667   2.0583   0.9606   1.2791   0.0496   0.6435   0.6218   0.0266   0.0000  -0.0254   0.1754    0.291

  Surface # 3     Winglet                                 
     # Chordwise = 10   # Spanwise = 30     First strip = 61
     Surface area =    2.195200       Ave. chord =    1.120000
     CLsurf  =   0.00061     Clsurf  =  -0.00051
     CYsurf  =  -0.01116     Cmsurf  =  -0.00070
     CDsurf  =  -0.00101     Cnsurf  =   0.00128
     CDisurf =  -0.00101     CDvsurf =   0.00000

  Forces referred to Ssurf, Cave about hinge axis thru LE
     CLsurf  =   0.53382     CDsurf  =  -0.04830
     Deflect =

 Strip Forces referred to Strip Area, Chord
    j      Yle    Chord     Area     c cl      ai      cl_norm  cl       cd       cdv    cm_c/4    cm_LE  C.P.x/c
    61  14.0000   1.5840   0.1035   1.2067  -0.0216   0.9479   0.7618  -0.1529   0.0000   0.0350  -0.1625    0.204
    62  14.0000   1.5520   0.1014   1.0693  -0.0251   0.8573   0.6890  -0.0961   0.0000   0.0189  -0.1593    0.223
    63  14.0000   1.5200   0.0993   1.0050  -0.0274   0.8227   0.6612  -0.0737   0.0000   0.0143  -0.1563    0.228
    64  14.0000   1.4880   0.0972   0.9556  -0.0290   0.7991   0.6422  -0.0626   0.0000   0.0119  -0.1535    0.232
    65  14.0000   1.4560   0.0951   0.9121  -0.0302   0.7795   0.6264  -0.0571   0.0000   0.0102  -0.1510    0.234
    66  14.0000   1.4240   0.0930   0.8723  -0.0312   0.7622   0.6126  -0.0522   0.0000   0.0089  -0.1486    0.235
    67  14.0000   1.3920   0.0909   0.8354  -0.0320   0.7468   0.6002  -0.0491   0.0000   0.0080  -0.1462    0.237
    68  14.0000   1.3600   0.0889   0.8008  -0.0328   0.7326   0.5888  -0.0466   0.0000   0.0073  -0.1439    0.238
    69  14.0000   1.3280   0.0868   0.7679  -0.0334   0.7195   0.5782  -0.0448   0.0000   0.0068  -0.1417    0.238
    70  14.0000   1.2960   0.0847   0.7364  -0.0339   0.7070   0.5682  -0.0427   0.0000   0.0065  -0.1394    0.239
    71  14.0000   1.2640   0.0826   0.7061  -0.0343   0.6951   0.5586  -0.0416   0.0000   0.0063  -0.1372    0.239
    72  14.0000   1.2320   0.0805   0.6768  -0.0346   0.6835   0.5493  -0.0402   0.0000   0.0062  -0.1349    0.239
    73  14.0000   1.2000   0.0784   0.6483  -0.0349   0.6722   0.5402  -0.0382   0.0000   0.0062  -0.1326    0.238
    74  14.0000   1.1680   0.0763   0.6205  -0.0350   0.6610   0.5312  -0.0381   0.0000   0.0064  -0.1302    0.238
    75  14.0000   1.1360   0.0742   0.5932  -0.0351   0.6498   0.5222  -0.0372   0.0000   0.0066  -0.1277    0.237
    76  14.0000   1.1040   0.0721   0.5664  -0.0351   0.6384   0.5131  -0.0361   0.0000   0.0069  -0.1251    0.237
    77  14.0000   1.0720   0.0700   0.5399  -0.0349   0.6267   0.5037  -0.0357   0.0000   0.0073  -0.1224    0.235
    78  14.0000   1.0400   0.0679   0.5137  -0.0347   0.6146   0.4939  -0.0337   0.0000   0.0079  -0.1195    0.234
    79  14.0000   1.0080   0.0659   0.4875  -0.0344   0.6018   0.4836  -0.0337   0.0000   0.0085  -0.1163    0.232
    80  14.0000   0.9760   0.0638   0.4613  -0.0340   0.5881   0.4726  -0.0329   0.0000   0.0093  -0.1129    0.230
    81  14.0000   0.9440   0.0617   0.4349  -0.0335   0.5733   0.4607  -0.0326   0.0000   0.0102  -0.1091    0.228
    82  14.0000   0.9120   0.0596   0.4081  -0.0329   0.5569   0.4475  -0.0310   0.0000   0.0112  -0.1048    0.225
    83  14.0000   0.8800   0.0575   0.3808  -0.0321   0.5384   0.4327  -0.0295   0.0000   0.0124  -0.1000    0.221
    84  14.0000   0.8480   0.0554   0.3526  -0.0313   0.5174   0.4158  -0.0283   0.0000   0.0137  -0.0946    0.217
    85  14.0000   0.8160   0.0533   0.3231  -0.0303   0.4927   0.3960  -0.0279   0.0000   0.0152  -0.0883    0.212
    86  14.0000   0.7840   0.0512   0.2919  -0.0292   0.4632   0.3723  -0.0258   0.0000   0.0166  -0.0810    0.205
    87  14.0000   0.7520   0.0491   0.2580  -0.0279   0.4269   0.3430  -0.0243   0.0000   0.0181  -0.0723    0.197
    88  14.0000   0.7200   0.0470   0.2201  -0.0265   0.3803   0.3056  -0.0222   0.0000   0.0191  -0.0619    0.187
    89  14.0000   0.6880   0.0449   0.1754  -0.0249   0.3172   0.2549  -0.0188   0.0000   0.0191  -0.0489    0.175
    90  14.0000   0.6560   0.0429   0.1166  -0.0232   0.2211   0.1777  -0.0142   0.0000   0.0161  -0.0317    0.159

  Surface # 4     Winglet (YDUP)                          
     # Chordwise = 10   # Spanwise = 30     First strip = 91
     Surface area =    2.195200       Ave. chord =    1.120000
     CLsurf  =   0.00062     Clsurf  =   0.00051
     CYsurf  =   0.01116     Cmsurf  =  -0.00070
     CDsurf  =  -0.00101     Cnsurf  =  -0.00128
     CDisurf =  -0.00101     CDvsurf =   0.00000

  Forces referred to Ssurf, Cave about hinge axis thru LE
     CLsurf  =   0.53382     CDsurf  =  -0.04844
     Deflect =

 Strip Forces referred to Strip Area, Chord
    j      Yle    Chord     Area     c cl      ai      cl_norm  cl       cd       cdv    cm_c/4    cm_LE  C.P.x/c
    91 -14.0000   1.5840   0.1035   1.2067  -0.0216   0.9479   0.7618  -0.1534   0.0000   0.0350   0.1625    0.204
    92 -14.0000   1.5520   0.1014   1.0693  -0.0251   0.8573   0.6890  -0.0966   0.0000   0.0189   0.1593    0.223
    93 -14.0000   1.5200   0.0993   1.0050  -0.0274   0.8227   0.6612  -0.0737   0.0000   0.0143   0.1563    0.228
    94 -14.0000   1.4880   0.0972   0.9556  -0.0290   0.7991   0.6422  -0.0626   0.0000   0.0119   0.1535    0.232
    95 -14.0000   1.4560   0.0951   0.9121  -0.0302   0.7795   0.6264  -0.0571   0.0000   0.0102   0.1510    0.234
    96 -14.0000   1.4240   0.0930   0.8723  -0.0312   0.7622   0.6126  -0.0526   0.0000   0.0089   0.1486    0.235
    97 -14.0000   1.3920   0.0909   0.8354  -0.0320   0.7468   0.6002  -0.0490   0.0000   0.0080   0.1462    0.237
    98 -14.0000   1.3600   0.0889   0.8008  -0.0328   0.7326   0.5888  -0.0469   0.0000   0.0073   0.1439    0.238
    99 -14.0000   1.3280   0.0868   0.7679  -0.0334   0.7195   0.5782  -0.0447   0.0000   0.0068   0.1417    0.238
   100 -14.0000   1.2960   0.0847   0.7364  -0.0339   0.7070   0.5682  -0.0430   0.0000   0.0065   0.1394    0.239
   101 -14.0000   1.2640   0.0826   0.7061  -0.0343   0.6951   0.5586  -0.0417   0.0000   0.0063   0.1372    0.239
   102 -14.0000   1.2320   0.0805   0.6768  -0.0346   0.6835   0.5493  -0.0403   0.0000   0.0062   0.1349    0.239
   103 -14.0000   1.2000   0.0784   0.6483  -0.0349   0.6722   0.5402  -0.0384   0.0000   0.0062   0.1326    0.238
   104 -14.0000   1.1680   0.0763   0.6205  -0.0350   0.6610   0.5312  -0.0380   0.0000   0.0064   0.1302    0.238
   105 -14.0000   1.1360   0.0742   0.5932  -0.0351   0.6498   0.5222  -0.0375   0.0000   0.0066   0.1277    0.237
   106 -14.0000   1.1040   0.0721   0.5664  -0.0351   0.6384   0.5131  -0.0359   0.0000   0.0069   0.1251    0.237
   107 -14.0000   1.0720   0.0700   0.5399  -0.0349   0.6267   0.5037  -0.0354   0.0000   0.0073   0.1224    0.235
   108 -14.0000   1.0400   0.0679   0.5137  -0.0347   0.6146   0.4939  -0.0343   0.0000   0.0079   0.1195    0.234
   109 -14.0000   1.0080   0.0659   0.4875  -0.0344   0.6018   0.4836  -0.0338   0.0000   0.0085   0.1163    0.232
   110 -14.0000   0.9760   0.0638   0.4613  -0.0340   0.5881   0.4726  -0.0328   0.0000   0.0093   0.1129    0.230
   111 -14.0000   0.9440   0.0617   0.4349  -0.0335   0.5733   0.4607  -0.0321   0.0000   0.0102   0.1091    0.228
   112 -14.0000   0.9120   0.0596   0.4081  -0.0329   0.5569   0.4475  -0.0314   0.0000   0.0112   0.1048    0.225
   113 -14.0000   0.8800   0.0575   0.3808  -0.0321   0.5384   0.4327  -0.0296   0.0000   0.0124   0.1000    0.221
   114 -14.0000   0.8480   0.0554   0.3526  -0.0313   0.5174   0.4158  -0.0284   0.0000   0.0137   0.0946    0.217
   115 -14.0000   0.8160   0.0533   0.3231  -0.0303   0.4927   0.3960  -0.0281   0.0000   0.0152   0.0883    0.212
   116 -14.0000   0.7840   0.0512   0.2919  -0.0292   0.4632   0.3723  -0.0264   0.0000   0.0166   0.0810    0.205
   117 -14.0000   0.7520   0.0491   0.2580  -0.0279   0.4269   0.3430  -0.0248   0.0000   0.0181   0.0723    0.197
   118 -14.0000   0.7200   0.0470   0.2201  -0.0265   0.3803   0.3056  -0.0224   0.0000   0.0191   0.0619    0.187
   119 -14.0000   0.6880   0.0449   0.1754  -0.0249   0.3172   0.2549  -0.0191   0.0000   0.0191   0.0489    0.175
   120 -14.0000   0.6560   0.0429   0.1166  -0.0232   0.2211   0.1777  -0.0141   0.0000   0.0161   0.0317    0.159
 ---------------------------------------------------------------
