 ---------------------------------------------------------------
 Surface and Strip Forces by surface

  Forces referred to Sref, Cref, Bref about Xref, Yref, Zref
 Standard axis orientation,  X fwd, Z down         

  Surface # 1     Wing                                    
     # Chordwise = 10   # Spanwise = 30     First strip =  1
     Surface area =   52.500000       Ave. chord =    3.750000
     CLsurf  =   0.29792     Clsurf  =  -0.06593
     CYsurf  =  -0.00023     Cmsurf  =  -0.18765
     CDsurf  =   0.00716     Cnsurf  =  -0.00511
     CDisurf =   0.00716     CDvsurf =   0.00000

  Forces referred to Ssurf, Cave about hinge axis thru LE
     CLsurf  =   0.59584     CDsurf  =   0.01432
     Deflect =

 Strip Forces referred to Strip Area, Chord
    j      Yle    Chord     Area     c cl      ai      cl_norm  cl       cd       cdv    cm_c/4    cm_LE  C.P.x/c
     1   0.2333   5.4417   2.5394   2.7328   0.0487   0.5193   0.5019   0.0281   0.0000  -0.0094  -0.1310    0.269
     2   0.7000   5.3250   2.4850   2.7293   0.0486   0.5306   0.5128   0.0227   0.0000  -0.0066  -0.1307    0.263
     3   1.1667   5.2083   2.4306   2.7221   0.0484   0.5413   0.5231   0.0205   0.0000  -0.0043  -0.1309    0.258
     4   1.6333   5.0917   2.3761   2.7114   0.0482   0.5518   0.5332   0.0189   0.0000  -0.0026  -0.1316    0.255
     5   2.1000   4.9750   2.3217   2.6973   0.0479   0.5619   0.5430   0.0178   0.0000  -0.0012  -0.1327    0.252
     6   2.5667   4.8583   2.2672   2.6797   0.0475   0.5718   0.5526   0.0168   0.0000  -0.0001  -0.1339    0.250
     7   3.0333   4.7417   2.2128   2.6587   0.0471   0.5814   0.5618   0.0160   0.0000   0.0007  -0.1353    0.249
     8   3.5000   4.6250   2.1583   2.6345   0.0467   0.5907   0.5708   0.0152   0.0000   0.0013  -0.1369    0.248
     9   3.9667   4.5083   2.1039   2.6070   0.0462   0.5998   0.5796   0.0145   0.0000   0.0018  -0.1385    0.247
    10   4.4333   4.3917   2.0494   2.5763   0.0457   0.6085   0.5881   0.0140   0.0000   0.0022  -0.1401    0.246
    11   4.9000   4.2750   1.9950   2.5425   0.0452   0.6170   0.5963   0.0134   0.0000   0.0026  -0.1417    0.246
    12   5.3667   4.1583   1.9406   2.5056   0.0446   0.6252   0.6042   0.0128   0.0000   0.0028  -0.1434    0.245
    13   5.8333   4.0417   1.8861   2.4657   0.0441   0.6331   0.6118   0.0124   0.0000   0.0031  -0.1450    0.245
    14   6.3000   3.9250   1.8317   2.4227   0.0435   0.6406   0.6190   0.0118   0.0000   0.0033  -0.1465    0.245
    15   6.7667   3.8083   1.7772   2.3767   0.0430   0.6477   0.6260   0.0114   0.0000   0.0035  -0.1480    0.244
    16   7.2333   3.6917   1.7228   2.3278   0.0425   0.6545   0.6325   0.0109   0.0000   0.0036  -0.1494    0.244
    17   7.7000   3.5750   1.6683   2.2757   0.0420   0.6608   0.6386   0.0105   0.0000   0.0038  -0.1507    0.244
    18   8.1667   3.4583   1.6139   2.2206   0.0416   0.6666   0.6442   0.0100   0.0000   0.0040  -0.1518    0.244
    19   8.6333   3.3417   1.5594   2.1623   0.0412   0.6718   0.6492   0.0096   0.0000   0.0042  -0.1528    0.243
    20   9.1000   3.2250   1.5050   2.1007   0.0409   0.6763   0.6536   0.0092   0.0000   0.0045  -0.1536    0.243
    21   9.5667   3.1083   1.4506   2.0356   0.0407   0.6800   0.6571   0.0088   0.0000   0.0047  -0.1542    0.243
    22  10.0333   2.9917   1.3961   1.9667   0.0406   0.6827   0.6597   0.0084   0.0000   0.0050  -0.1546    0.242
    23  10.5000   2.8750   1.3417   1.8939   0.0406   0.6841   0.6611   0.0082   0.0000   0.0053  -0.1546    0.242
    24  10.9667   2.7583   1.2872   1.8167   0.0407   0.6840   0.6610   0.0079   0.0000   0.0056  -0.1543    0.242
    25  11.4333   2.6417   1.2328   1.7347   0.0410   0.6820   0.6590   0.0079   0.0000   0.0057  -0.1537    0.241
    26  11.9000   2.5250   1.1783   1.6476   0.0413   0.6776   0.6548   0.0081   0.0000   0.0055  -0.1529    0.242
    27  12.3667   2.4083   1.1239   1.5552   0.0418   0.6706   0.6480   0.0087   0.0000   0.0045  -0.1523    0.243
    28  12.8333   2.2917   1.0694   1.4578   0.0427   0.6604   0.6382   0.0102   0.0000   0.0016  -0.1527    0.247
    29  13.3000   2.1750   1.0150   1.3567   0.0445   0.6471   0.6253   0.0143   0.0000  -0.0053  -0.1564    0.258
    30  13.7667   2.0583   0.9606   1.2561   0.0493   0.6320   0.6107   0.0250   0.0000  -0.0215  -0.1689    0.285

  Surface # 2     Wing (YDUP)                             
     # Chordwise = 10   # Spanwise = 30     First strip = 31
     Surface area =   52.500000       Ave. chord =    3.750000
     CLsurf  =   0.29792     Clsurf  =   0.06593
     CYsurf  =   0.00023     Cmsurf  =  -0.18765
     CDsurf  =   0.00715     Cnsurf  =   0.00512
     CDisurf =   0.00715     CDvsurf =   0.00000

  Forces referred to Ssurf, Cave about hinge axis thru LE
     CLsurf  =   0.59584     CDsurf  =   0.01431
     Deflect =

 Strip Forces referred to Strip Area, Chord
    j      Yle    Chord     Area     c cl      ai      cl_norm  cl       cd       cdv    cm_c/4    cm_LE  C.P.x/c
    31  -0.2333   5.4417   2.5394   2.7328   0.0487   0.5193   0.5019   0.0281   0.0000  -0.0094   0.1310    0.269
    32  -0.7000   5.3250   2.4850   2.7293   0.0486   0.5306   0.5128   0.0227   0.0000  -0.0066   0.1307    0.263
    33  -1.1667   5.2083   2.4306   2.7221   0.0484   0.5414   0.5231   0.0205   0.0000  -0.0043   0.1309    0.258
    34  -1.6333   5.0917   2.3761   2.7114   0.0482   0.5518   0.5332   0.0189   0.0000  -0.0026   0.1316    0.255
    35  -2.1000   4.9750   2.3217   2.6973   0.0479   0.5619   0.5430   0.0178   0.0000  -0.0012   0.1327    0.252
    36  -2.5667   4.8583   2.2672   2.6797   0.0475   0.5718   0.5526   0.0168   0.0000  -0.0001   0.1339    0.250
    37  -3.0333   4.7417   2.2128   2.6587   0.0471   0.5814   0.5618   0.0160   0.0000   0.0007   0.1353    0.249
    38  -3.5000   4.6250   2.1583   2.6345   0.0467   0.5907   0.5708   0.0152   0.0000   0.0013   0.1369    0.248
    39  -3.9667   4.5083   2.1039   2.6070   0.0462   0.5998   0.5796   0.0145   0.0000   0.0018   0.1385    0.247
    40  -4.4333   4.3917   2.0494   2.5763   0.0457   0.6085   0.5881   0.0140   0.0000   0.0022   0.1401    0.246
    41  -4.9000   4.2750   1.9950   2.5425   0.0452   0.6170   0.5963   0.0134   0.0000   0.0026   0.1417    0.246
    42  -5.3667   4.1583   1.9406   2.5056   0.0446   0.6252   0.6042   0.0128   0.0000   0.0028   0.1434    0.245
    43  -5.8333   4.0417   1.8861   2.4657   0.0441   0.6331   0.6118   0.0124   0.0000   0.0031   0.1450    0.245
    44  -6.3000   3.9250   1.8317   2.4227   0.0435   0.6406   0.6190   0.0118   0.0000   0.0033   0.1465    0.245
    45  -6.7667   3.8083   1.7772   2.3767   0.0430   0.6477   0.6260   0.0114   0.0000   0.0035   0.1480    0.244
    46  -7.2333   3.6917   1.7228   2.3278   0.0425   0.6545   0.6325   0.0109   0.0000   0.0036   0.1494    0.244
    47  -7.7000   3.5750   1.6683   2.2757   0.0420   0.6608   0.6386   0.0105   0.0000   0.0038   0.1507    0.244
    48  -8.1667   3.4583   1.6139   2.2206   0.0416   0.6666   0.6442   0.0100   0.0000   0.0040   0.1518    0.244
    49  -8.6333   3.3417   1.5594   2.1623   0.0412   0.6718   0.6492   0.0096   0.0000   0.0042   0.1528    0.243
    50  -9.1000   3.2250   1.5050   2.1007   0.0409   0.6763   0.6536   0.0092   0.0000   0.0045   0.1536    0.243
    51  -9.5667   3.1083   1.4506   2.0356   0.0407   0.6800   0.6571   0.0088   0.0000   0.0047   0.1542    0.243
    52 -10.0333   2.9917   1.3961   1.9667   0.0406   0.6827   0.6597   0.0084   0.0000   0.0050   0.1546    0.242
    53 -10.5000   2.8750   1.3417   1.8939   0.0406   0.6841   0.6611   0.0082   0.0000   0.0053   0.1546    0.242
    54 -10.9667   2.7583   1.2872   1.8167   0.0407   0.6840   0.6610   0.0079   0.0000   0.0056   0.1543    0.242
    55 -11.4333   2.6417   1.2328   1.7347   0.0410   0.6820   0.6590   0.0078   0.0000   0.0057   0.1537    0.241
    56 -11.9000   2.5250   1.1783   1.6476   0.0413   0.6776   0.6548   0.0081   0.0000   0.0055   0.1529    0.242
    57 -12.3667   2.4083   1.1239   1.5552   0.0418   0.6706   0.6480   0.0087   0.0000   0.0045   0.1523    0.243
    58 -12.8333   2.2917   1.0694   1.4578   0.0427   0.6604   0.6382   0.0102   0.0000   0.0016   0.1527    0.247
    59 -13.3000   2.1750   1.0150   1.3567   0.0445   0.6471   0.6253   0.0142   0.0000  -0.0053   0.1564    0.258
    60 -13.7667   2.0583   0.9606   1.2561   0.0493   0.6320   0.6108   0.0249   0.0000  -0.0215   0.1689    0.285

  Surface # 3     Winglet                                 
     # Chordwise = 10   # Spanwise = 30     First strip = 61
     Surface area =    1.869092       Ave. chord =    1.120000
     CLsurf  =   0.00208     Clsurf  =  -0.00118
     CYsurf  =  -0.00994     Cmsurf  =  -0.00232
     CDsurf  =  -0.00090     Cnsurf  =   0.00104
     CDisurf =  -0.00090     CDvsurf =   0.00000

  Forces referred to Ssurf, Cave about hinge axis thru LE
     CLsurf  =   0.56981     CDsurf  =  -0.05079
     Deflect =

 Strip Forces referred to Strip Area, Chord
    j      Yle    Chord     Area     c cl      ai      cl_norm  cl       cd       cdv    cm_c/4    cm_LE  C.P.x/c
    61  14.0042   1.5840   0.0881   1.2267  -0.0095   0.9507   0.7771  -0.1654   0.0000   0.0378  -0.1628    0.201
    62  14.0125   1.5520   0.0863   1.0871  -0.0126   0.8590   0.7021  -0.1016   0.0000   0.0205  -0.1605    0.221
    63  14.0208   1.5200   0.0846   1.0320  -0.0148   0.8323   0.6803  -0.0799   0.0000   0.0161  -0.1590    0.226
    64  14.0292   1.4880   0.0828   0.9854  -0.0164   0.8116   0.6633  -0.0656   0.0000   0.0133  -0.1571    0.230
    65  14.0375   1.4560   0.0810   0.9478  -0.0176   0.7977   0.6520  -0.0589   0.0000   0.0117  -0.1556    0.232
    66  14.0458   1.4240   0.0792   0.9120  -0.0186   0.7847   0.6413  -0.0537   0.0000   0.0104  -0.1541    0.234
    67  14.0542   1.3920   0.0774   0.8752  -0.0194   0.7703   0.6296  -0.0501   0.0000   0.0091  -0.1523    0.236
    68  14.0625   1.3600   0.0757   0.8455  -0.0202   0.7616   0.6225  -0.0479   0.0000   0.0086  -0.1509    0.236
    69  14.0708   1.3280   0.0739   0.8120  -0.0209   0.7490   0.6122  -0.0451   0.0000   0.0078  -0.1491    0.237
    70  14.0792   1.2960   0.0721   0.7831  -0.0214   0.7402   0.6050  -0.0432   0.0000   0.0075  -0.1474    0.238
    71  14.0875   1.2640   0.0703   0.7548  -0.0219   0.7315   0.5979  -0.0421   0.0000   0.0074  -0.1457    0.238
    72  14.0958   1.2320   0.0685   0.7259  -0.0223   0.7217   0.5899  -0.0406   0.0000   0.0073  -0.1439    0.238
    73  14.1042   1.2000   0.0668   0.6991  -0.0227   0.7136   0.5833  -0.0396   0.0000   0.0075  -0.1420    0.237
    74  14.1125   1.1680   0.0650   0.6703  -0.0229   0.7030   0.5746  -0.0384   0.0000   0.0074  -0.1399    0.237
    75  14.1208   1.1360   0.0632   0.6427  -0.0231   0.6930   0.5664  -0.0382   0.0000   0.0077  -0.1376    0.236
    76  14.1292   1.1040   0.0614   0.6173  -0.0232   0.6849   0.5598  -0.0376   0.0000   0.0083  -0.1354    0.235
    77  14.1375   1.0720   0.0596   0.5901  -0.0233   0.6743   0.5511  -0.0363   0.0000   0.0088  -0.1328    0.234
    78  14.1458   1.0400   0.0579   0.5622  -0.0232   0.6621   0.5411  -0.0350   0.0000   0.0092  -0.1300    0.233
    79  14.1542   1.0080   0.0561   0.5355  -0.0230   0.6507   0.5319  -0.0347   0.0000   0.0100  -0.1269    0.231
    80  14.1625   0.9760   0.0543   0.5102  -0.0228   0.6403   0.5233  -0.0347   0.0000   0.0113  -0.1235    0.228
    81  14.1708   0.9440   0.0525   0.4813  -0.0225   0.6245   0.5105  -0.0334   0.0000   0.0121  -0.1197    0.226
    82  14.1792   0.9120   0.0507   0.4535  -0.0220   0.6091   0.4978  -0.0329   0.0000   0.0134  -0.1153    0.223
    83  14.1875   0.8800   0.0490   0.4230  -0.0215   0.5888   0.4813  -0.0331   0.0000   0.0145  -0.1102    0.220
    84  14.1958   0.8480   0.0472   0.3921  -0.0208   0.5663   0.4629  -0.0313   0.0000   0.0158  -0.1045    0.216
    85  14.2042   0.8160   0.0454   0.3605  -0.0200   0.5412   0.4423  -0.0298   0.0000   0.0174  -0.0978    0.211
    86  14.2125   0.7840   0.0436   0.3267  -0.0191   0.5104   0.4172  -0.0286   0.0000   0.0191  -0.0900    0.204
    87  14.2208   0.7520   0.0418   0.2881  -0.0180   0.4693   0.3836  -0.0278   0.0000   0.0202  -0.0805    0.197
    88  14.2292   0.7200   0.0401   0.2483  -0.0168   0.4224   0.3452  -0.0256   0.0000   0.0216  -0.0694    0.187
    89  14.2375   0.6880   0.0383   0.1964  -0.0153   0.3498   0.2859  -0.0224   0.0000   0.0207  -0.0552    0.177
    90  14.2458   0.6560   0.0365   0.1321  -0.0137   0.2468   0.2017  -0.0175   0.0000   0.0177  -0.0363    0.162

  Surface # 4     Winglet (YDUP)                          
     # Chordwise = 10   # Spanwise = 30     First strip = 91
     Surface area =    1.869092       Ave. chord =    1.120000
     CLsurf  =   0.00208     Clsurf  =   0.00119
     CYsurf  =   0.00994     Cmsurf  =  -0.00232
     CDsurf  =  -0.00091     Cnsurf  =  -0.00104
     CDisurf =  -0.00091     CDvsurf =   0.00000

  Forces referred to Ssurf, Cave about hinge axis thru LE
     CLsurf  =   0.56976     CDsurf  =  -0.05092
     Deflect =

 Strip Forces referred to Strip Area, Chord
    j      Yle    Chord     Area     c cl      ai      cl_norm  cl       cd       cdv    cm_c/4    cm_LE  C.P.x/c
    91 -14.0042   1.5840   0.0881   1.2267  -0.0095   0.9508   0.7771  -0.1662   0.0000   0.0378   0.1628    0.201
    92 -14.0125   1.5520   0.0863   1.0876  -0.0126   0.8594   0.7025  -0.1025   0.0000   0.0206   0.1605    0.221
    93 -14.0208   1.5200   0.0846   1.0319  -0.0148   0.8322   0.6802  -0.0797   0.0000   0.0160   0.1590    0.226
    94 -14.0292   1.4880   0.0828   0.9844  -0.0164   0.8107   0.6626  -0.0658   0.0000   0.0132   0.1571    0.230
    95 -14.0375   1.4560   0.0810   0.9478  -0.0176   0.7976   0.6519  -0.0588   0.0000   0.0117   0.1556    0.232
    96 -14.0458   1.4240   0.0792   0.9115  -0.0186   0.7843   0.6410  -0.0539   0.0000   0.0103   0.1540    0.234
    97 -14.0542   1.3920   0.0774   0.8747  -0.0194   0.7698   0.6292  -0.0497   0.0000   0.0090   0.1523    0.236
    98 -14.0625   1.3600   0.0757   0.8463  -0.0202   0.7623   0.6231  -0.0480   0.0000   0.0088   0.1509    0.236
    99 -14.0708   1.3280   0.0739   0.8120  -0.0209   0.7490   0.6122  -0.0451   0.0000   0.0078   0.1490    0.237
   100 -14.0792   1.2960   0.0721   0.7825  -0.0214   0.7396   0.6045  -0.0429   0.0000   0.0074   0.1474    0.238
   101 -14.0875   1.2640   0.0703   0.7546  -0.0219   0.7313   0.5977  -0.0422   0.0000   0.0074   0.1457    0.238
   102 -14.0958   1.2320   0.0685   0.7261  -0.0223   0.7219   0.5901  -0.0409   0.0000   0.0073   0.1439    0.238
   103 -14.1042   1.2000   0.0668   0.6985  -0.0227   0.7130   0.5827  -0.0399   0.0000   0.0074   0.1419    0.237
   104 -14.1125   1.1680   0.0650   0.6705  -0.0229   0.7031   0.5747  -0.0381   0.0000   0.0074   0.1399    0.237
   105 -14.1208   1.1360   0.0632   0.6427  -0.0231   0.6930   0.5664  -0.0382   0.0000   0.0077   0.1376    0.236
   106 -14.1292   1.1040   0.0614   0.6169  -0.0232   0.6845   0.5594  -0.0375   0.0000   0.0082   0.1354    0.235
   107 -14.1375   1.0720   0.0596   0.5899  -0.0233   0.6740   0.5509  -0.0367   0.0000   0.0087   0.1328    0.234
   108 -14.1458   1.0400   0.0579   0.5621  -0.0232   0.6620   0.5411  -0.0353   0.0000   0.0091   0.1300    0.233
   109 -14.1542   1.0080   0.0561   0.5361  -0.0230   0.6515   0.5325  -0.0350   0.0000   0.0101   0.1269    0.231
   110 -14.1625   0.9760   0.0543   0.5095  -0.0228   0.6394   0.5226  -0.0343   0.0000   0.0112   0.1235    0.229
   111 -14.1708   0.9440   0.0525   0.4813  -0.0225   0.6245   0.5104  -0.0337   0.0000   0.0121   0.1196    0.226
   112 -14.1792   0.9120   0.0507   0.4533  -0.0220   0.6088   0.4976  -0.0330   0.0000   0.0134   0.1153    0.223
   113 -14.1875   0.8800   0.0490   0.4234  -0.0215   0.5893   0.4817  -0.0334   0.0000   0.0146   0.1102    0.220
   114 -14.1958   0.8480   0.0472   0.3921  -0.0208   0.5663   0.4629  -0.0315   0.0000   0.0158   0.1044    0.216
   115 -14.2042   0.8160   0.0454   0.3607  -0.0200   0.5414   0.4425  -0.0298   0.0000   0.0175   0.0978    0.210
   116 -14.2125   0.7840   0.0436   0.3271  -0.0191   0.5111   0.4178  -0.0296   0.0000   0.0192   0.0900    0.204
   117 -14.2208   0.7520   0.0418   0.2878  -0.0180   0.4688   0.3832  -0.0284   0.0000   0.0201   0.0805    0.198
   118 -14.2292   0.7200   0.0401   0.2486  -0.0168   0.4230   0.3457  -0.0251   0.0000   0.0218   0.0694    0.187
   119 -14.2375   0.6880   0.0383   0.1969  -0.0153   0.3506   0.2865  -0.0222   0.0000   0.0209   0.0552    0.177
   120 -14.2458   0.6560   0.0365   0.1320  -0.0137   0.2465   0.2015  -0.0176   0.0000   0.0176   0.0363    0.163
 ---------------------------------------------------------------
