 ---------------------------------------------------------------
 Surface and Strip Forces by surface

  Forces referred to Sref, Cref, Bref about Xref, Yref, Zref
 Standard axis orientation,  X fwd, Z down         

  Surface # 1     Wing                                    
     # Chordwise = 10   # Spanwise = 30     First strip =  1
     Surface area =   52.500000       Ave. chord =    3.750000
     CLsurf  =   0.29314     Clsurf  =  -0.06497
     CYsurf  =  -0.00020     Cmsurf  =  -0.18481
     CDsurf  =   0.00677     Cnsurf  =  -0.00498
     CDisurf =   0.00677     CDvsurf =   0.00000

  Forces referred to Ssurf, Cave about hinge axis thru LE
     CLsurf  =   0.58628     CDsurf  =   0.01355
     Deflect =

 Strip Forces referred to Strip Area, Chord
    j      Yle    Chord     Area     c cl      ai      cl_norm  cl       cd       cdv    cm_c/4    cm_LE  C.P.x/c
     1   0.2333   5.4417   2.5394   2.6832   0.0473   0.5099   0.4928   0.0269   0.0000  -0.0094  -0.1287    0.269
     2   0.7000   5.3250   2.4850   2.6797   0.0472   0.5210   0.5035   0.0218   0.0000  -0.0066  -0.1284    0.263
     3   1.1667   5.2083   2.4306   2.6728   0.0470   0.5315   0.5136   0.0196   0.0000  -0.0043  -0.1287    0.258
     4   1.6333   5.0917   2.3761   2.6624   0.0468   0.5418   0.5235   0.0181   0.0000  -0.0026  -0.1293    0.255
     5   2.1000   4.9750   2.3217   2.6486   0.0465   0.5518   0.5332   0.0170   0.0000  -0.0013  -0.1304    0.252
     6   2.5667   4.8583   2.2672   2.6315   0.0461   0.5615   0.5426   0.0161   0.0000  -0.0002  -0.1316    0.250
     7   3.0333   4.7417   2.2128   2.6111   0.0457   0.5709   0.5517   0.0153   0.0000   0.0006  -0.1330    0.249
     8   3.5000   4.6250   2.1583   2.5875   0.0452   0.5801   0.5606   0.0146   0.0000   0.0012  -0.1345    0.248
     9   3.9667   4.5083   2.1039   2.5608   0.0447   0.5891   0.5693   0.0138   0.0000   0.0017  -0.1361    0.247
    10   4.4333   4.3917   2.0494   2.5309   0.0442   0.5978   0.5777   0.0133   0.0000   0.0021  -0.1378    0.246
    11   4.9000   4.2750   1.9950   2.4981   0.0437   0.6062   0.5858   0.0128   0.0000   0.0024  -0.1394    0.246
    12   5.3667   4.1583   1.9406   2.4622   0.0431   0.6143   0.5937   0.0122   0.0000   0.0027  -0.1410    0.246
    13   5.8333   4.0417   1.8861   2.4234   0.0425   0.6222   0.6012   0.0118   0.0000   0.0029  -0.1426    0.245
    14   6.3000   3.9250   1.8317   2.3817   0.0420   0.6297   0.6085   0.0113   0.0000   0.0031  -0.1442    0.245
    15   6.7667   3.8083   1.7772   2.3372   0.0414   0.6369   0.6155   0.0109   0.0000   0.0032  -0.1457    0.245
    16   7.2333   3.6917   1.7228   2.2897   0.0409   0.6437   0.6221   0.0104   0.0000   0.0034  -0.1471    0.245
    17   7.7000   3.5750   1.6683   2.2392   0.0404   0.6502   0.6283   0.0100   0.0000   0.0036  -0.1485    0.244
    18   8.1667   3.4583   1.6139   2.1858   0.0399   0.6561   0.6340   0.0095   0.0000   0.0037  -0.1497    0.244
    19   8.6333   3.3417   1.5594   2.1294   0.0395   0.6615   0.6393   0.0091   0.0000   0.0039  -0.1507    0.244
    20   9.1000   3.2250   1.5050   2.0698   0.0391   0.6663   0.6439   0.0087   0.0000   0.0041  -0.1516    0.244
    21   9.5667   3.1083   1.4506   2.0068   0.0388   0.6703   0.6478   0.0083   0.0000   0.0044  -0.1523    0.243
    22  10.0333   2.9917   1.3961   1.9403   0.0386   0.6734   0.6508   0.0079   0.0000   0.0046  -0.1528    0.243
    23  10.5000   2.8750   1.3417   1.8698   0.0385   0.6754   0.6526   0.0077   0.0000   0.0049  -0.1529    0.242
    24  10.9667   2.7583   1.2872   1.7951   0.0385   0.6758   0.6531   0.0073   0.0000   0.0052  -0.1528    0.242
    25  11.4333   2.6417   1.2328   1.7156   0.0386   0.6744   0.6517   0.0072   0.0000   0.0054  -0.1522    0.242
    26  11.9000   2.5250   1.1783   1.6308   0.0388   0.6707   0.6481   0.0073   0.0000   0.0054  -0.1514    0.242
    27  12.3667   2.4083   1.1239   1.5400   0.0391   0.6640   0.6416   0.0077   0.0000   0.0048  -0.1505    0.243
    28  12.8333   2.2917   1.0694   1.4428   0.0395   0.6536   0.6316   0.0088   0.0000   0.0026  -0.1502    0.246
    29  13.3000   2.1750   1.0150   1.3397   0.0403   0.6391   0.6176   0.0122   0.0000  -0.0032  -0.1525    0.255
    30  13.7667   2.0583   0.9606   1.2349   0.0428   0.6215   0.6006   0.0219   0.0000  -0.0185  -0.1635    0.281

  Surface # 2     Wing (YDUP)                             
     # Chordwise = 10   # Spanwise = 30     First strip = 31
     Surface area =   52.500000       Ave. chord =    3.750000
     CLsurf  =   0.29314     Clsurf  =   0.06497
     CYsurf  =   0.00019     Cmsurf  =  -0.18481
     CDsurf  =   0.00677     Cnsurf  =   0.00498
     CDisurf =   0.00677     CDvsurf =   0.00000

  Forces referred to Ssurf, Cave about hinge axis thru LE
     CLsurf  =   0.58628     CDsurf  =   0.01354
     Deflect =

 Strip Forces referred to Strip Area, Chord
    j      Yle    Chord     Area     c cl      ai      cl_norm  cl       cd       cdv    cm_c/4    cm_LE  C.P.x/c
    31  -0.2333   5.4417   2.5394   2.6832   0.0473   0.5099   0.4928   0.0269   0.0000  -0.0094   0.1287    0.269
    32  -0.7000   5.3250   2.4850   2.6797   0.0472   0.5210   0.5035   0.0217   0.0000  -0.0066   0.1284    0.263
    33  -1.1667   5.2083   2.4306   2.6728   0.0470   0.5315   0.5136   0.0196   0.0000  -0.0043   0.1287    0.258
    34  -1.6333   5.0917   2.3761   2.6624   0.0468   0.5418   0.5235   0.0181   0.0000  -0.0026   0.1293    0.255
    35  -2.1000   4.9750   2.3217   2.6486   0.0465   0.5518   0.5332   0.0170   0.0000  -0.0013   0.1304    0.252
    36  -2.5667   4.8583   2.2672   2.6315   0.0461   0.5615   0.5426   0.0160   0.0000  -0.0002   0.1316    0.250
    37  -3.0333   4.7417   2.2128   2.6111   0.0457   0.5709   0.5517   0.0153   0.0000   0.0006   0.1330    0.249
    38  -3.5000   4.6250   2.1583   2.5875   0.0452   0.5802   0.5606   0.0146   0.0000   0.0012   0.1345    0.248
    39  -3.9667   4.5083   2.1039   2.5608   0.0447   0.5891   0.5693   0.0138   0.0000   0.0017   0.1361    0.247
    40  -4.4333   4.3917   2.0494   2.5309   0.0442   0.5978   0.5777   0.0133   0.0000   0.0021   0.1378    0.246
    41  -4.9000   4.2750   1.9950   2.4981   0.0437   0.6062   0.5858   0.0128   0.0000   0.0024   0.1394    0.246
    42  -5.3667   4.1583   1.9406   2.4622   0.0431   0.6143   0.5937   0.0122   0.0000   0.0027   0.1410    0.246
    43  -5.8333   4.0417   1.8861   2.4234   0.0425   0.6222   0.6012   0.0118   0.0000   0.0029   0.1426    0.245
    44  -6.3000   3.9250   1.8317   2.3817   0.0420   0.6297   0.6085   0.0113   0.0000   0.0031   0.1442    0.245
    45  -6.7667   3.8083   1.7772   2.3372   0.0414   0.6369   0.6155   0.0109   0.0000   0.0032   0.1457    0.245
    46  -7.2333   3.6917   1.7228   2.2897   0.0409   0.6437   0.6221   0.0104   0.0000   0.0034   0.1471    0.245
    47  -7.7000   3.5750   1.6683   2.2392   0.0404   0.6502   0.6283   0.0100   0.0000   0.0036   0.1485    0.244
    48  -8.1667   3.4583   1.6139   2.1858   0.0399   0.6561   0.6340   0.0095   0.0000   0.0037   0.1497    0.244
    49  -8.6333   3.3417   1.5594   2.1294   0.0395   0.6615   0.6393   0.0091   0.0000   0.0039   0.1507    0.244
    50  -9.1000   3.2250   1.5050   2.0698   0.0391   0.6663   0.6439   0.0087   0.0000   0.0041   0.1516    0.244
    51  -9.5667   3.1083   1.4506   2.0068   0.0388   0.6703   0.6478   0.0083   0.0000   0.0044   0.1523    0.243
    52 -10.0333   2.9917   1.3961   1.9403   0.0386   0.6734   0.6508   0.0079   0.0000   0.0046   0.1528    0.243
    53 -10.5000   2.8750   1.3417   1.8698   0.0385   0.6754   0.6526   0.0077   0.0000   0.0049   0.1529    0.242
    54 -10.9667   2.7583   1.2872   1.7951   0.0385   0.6758   0.6531   0.0073   0.0000   0.0052   0.1528    0.242
    55 -11.4333   2.6417   1.2328   1.7156   0.0386   0.6744   0.6517   0.0071   0.0000   0.0054   0.1522    0.242
    56 -11.9000   2.5250   1.1783   1.6308   0.0388   0.6707   0.6481   0.0073   0.0000   0.0054   0.1514    0.242
    57 -12.3667   2.4083   1.1239   1.5400   0.0391   0.6640   0.6416   0.0077   0.0000   0.0048   0.1505    0.243
    58 -12.8333   2.2917   1.0694   1.4428   0.0395   0.6536   0.6316   0.0088   0.0000   0.0026   0.1502    0.246
    59 -13.3000   2.1750   1.0150   1.3397   0.0403   0.6391   0.6176   0.0121   0.0000  -0.0032   0.1525    0.255
    60 -13.7667   2.0583   0.9606   1.2349   0.0428   0.6215   0.6006   0.0218   0.0000  -0.0185   0.1635    0.281

  Surface # 3     Winglet                                 
     # Chordwise = 10   # Spanwise = 30     First strip = 61
     Surface area =    1.787690       Ave. chord =    1.120000
     CLsurf  =   0.00686     Clsurf  =  -0.00359
     CYsurf  =  -0.00852     Cmsurf  =  -0.00768
     CDsurf  =  -0.00078     Cnsurf  =   0.00064
     CDisurf =  -0.00078     CDvsurf =   0.00000

  Forces referred to Ssurf, Cave about hinge axis thru LE
     CLsurf  =   0.64152     CDsurf  =  -0.04603
     Deflect =

 Strip Forces referred to Strip Area, Chord
    j      Yle    Chord     Area     c cl      ai      cl_norm  cl       cd       cdv    cm_c/4    cm_LE  C.P.x/c
    61  14.0157   1.5840   0.0843   1.2099   0.0156   0.9424   0.7742  -0.1562   0.0000   0.0366  -0.1568    0.203
    62  14.0470   1.5520   0.0826   1.1164   0.0136   0.8836   0.7259  -0.0926   0.0000   0.0235  -0.1579    0.218
    63  14.0783   1.5200   0.0809   1.0779   0.0122   0.8696   0.7144  -0.0702   0.0000   0.0198  -0.1586    0.222
    64  14.1097   1.4880   0.0792   1.0437   0.0112   0.8592   0.7059  -0.0576   0.0000   0.0174  -0.1588    0.225
    65  14.1410   1.4560   0.0775   1.0131   0.0105   0.8519   0.6999  -0.0503   0.0000   0.0157  -0.1588    0.228
    66  14.1723   1.4240   0.0758   0.9838   0.0099   0.8455   0.6946  -0.0448   0.0000   0.0144  -0.1587    0.229
    67  14.2037   1.3920   0.0741   0.9589   0.0095   0.8429   0.6925  -0.0428   0.0000   0.0140  -0.1585    0.230
    68  14.2350   1.3600   0.0724   0.9295   0.0090   0.8361   0.6869  -0.0396   0.0000   0.0130  -0.1581    0.231
    69  14.2663   1.3280   0.0707   0.9021   0.0087   0.8309   0.6826  -0.0378   0.0000   0.0125  -0.1575    0.232
    70  14.2977   1.2960   0.0690   0.8756   0.0084   0.8263   0.6788  -0.0361   0.0000   0.0124  -0.1567    0.232
    71  14.3290   1.2640   0.0673   0.8486   0.0081   0.8211   0.6746  -0.0356   0.0000   0.0121  -0.1559    0.232
    72  14.3603   1.2320   0.0655   0.8243   0.0080   0.8182   0.6722  -0.0349   0.0000   0.0125  -0.1550    0.231
    73  14.3917   1.2000   0.0638   0.8001   0.0079   0.8152   0.6698  -0.0331   0.0000   0.0130  -0.1540    0.231
    74  14.4230   1.1680   0.0621   0.7710   0.0078   0.8072   0.6631  -0.0333   0.0000   0.0128  -0.1526    0.231
    75  14.4543   1.1360   0.0604   0.7446   0.0078   0.8014   0.6584  -0.0324   0.0000   0.0134  -0.1510    0.230
    76  14.4857   1.1040   0.0587   0.7182   0.0079   0.7955   0.6536  -0.0336   0.0000   0.0140  -0.1492    0.229
    77  14.5170   1.0720   0.0570   0.6896   0.0081   0.7866   0.6463  -0.0334   0.0000   0.0145  -0.1470    0.228
    78  14.5483   1.0400   0.0553   0.6654   0.0083   0.7823   0.6427  -0.0314   0.0000   0.0161  -0.1447    0.225
    79  14.5797   1.0080   0.0536   0.6328   0.0087   0.7676   0.6306  -0.0323   0.0000   0.0161  -0.1418    0.224
    80  14.6110   0.9760   0.0519   0.6058   0.0091   0.7590   0.6235  -0.0322   0.0000   0.0178  -0.1386    0.221
    81  14.6423   0.9440   0.0502   0.5768   0.0096   0.7471   0.6138  -0.0312   0.0000   0.0194  -0.1348    0.218
    82  14.6737   0.9120   0.0485   0.5446   0.0103   0.7303   0.6000  -0.0320   0.0000   0.0208  -0.1302    0.215
    83  14.7050   0.8800   0.0468   0.5117   0.0110   0.7112   0.5843  -0.0326   0.0000   0.0224  -0.1250    0.212
    84  14.7363   0.8480   0.0451   0.4786   0.0119   0.6903   0.5671  -0.0316   0.0000   0.0245  -0.1189    0.207
    85  14.7677   0.8160   0.0434   0.4386   0.0129   0.6576   0.5403  -0.0323   0.0000   0.0256  -0.1115    0.203
    86  14.7990   0.7840   0.0417   0.3998   0.0141   0.6239   0.5125  -0.0311   0.0000   0.0277  -0.1028    0.196
    87  14.8303   0.7520   0.0400   0.3558   0.0154   0.5790   0.4757  -0.0306   0.0000   0.0294  -0.0923    0.188
    88  14.8617   0.7200   0.0383   0.3030   0.0169   0.5152   0.4233  -0.0286   0.0000   0.0297  -0.0792    0.180
    89  14.8930   0.6880   0.0366   0.2452   0.0186   0.4365   0.3586  -0.0278   0.0000   0.0296  -0.0631    0.167
    90  14.9243   0.6560   0.0349   0.1643   0.0206   0.3070   0.2522  -0.0224   0.0000   0.0244  -0.0413    0.153

  Surface # 4     Winglet (YDUP)                          
     # Chordwise = 10   # Spanwise = 30     First strip = 91
     Surface area =    1.787690       Ave. chord =    1.120000
     CLsurf  =   0.00686     Clsurf  =   0.00359
     CYsurf  =   0.00852     Cmsurf  =  -0.00768
     CDsurf  =  -0.00079     Cnsurf  =  -0.00064
     CDisurf =  -0.00079     CDvsurf =   0.00000

  Forces referred to Ssurf, Cave about hinge axis thru LE
     CLsurf  =   0.64177     CDsurf  =  -0.04617
     Deflect =

 Strip Forces referred to Strip Area, Chord
    j      Yle    Chord     Area     c cl      ai      cl_norm  cl       cd       cdv    cm_c/4    cm_LE  C.P.x/c
    91 -14.0157   1.5840   0.0843   1.2125   0.0156   0.9444   0.7759  -0.1561   0.0000   0.0369   0.1569    0.202
    92 -14.0470   1.5520   0.0826   1.1170   0.0136   0.8842   0.7264  -0.0941   0.0000   0.0236   0.1579    0.217
    93 -14.0783   1.5200   0.0809   1.0815   0.0122   0.8725   0.7168  -0.0709   0.0000   0.0203   0.1587    0.222
    94 -14.1097   1.4880   0.0792   1.0418   0.0112   0.8577   0.7047  -0.0573   0.0000   0.0171   0.1588    0.226
    95 -14.1410   1.4560   0.0775   1.0132   0.0105   0.8520   0.7000  -0.0506   0.0000   0.0157   0.1588    0.228
    96 -14.1723   1.4240   0.0758   0.9848   0.0099   0.8463   0.6953  -0.0449   0.0000   0.0146   0.1588    0.229
    97 -14.2037   1.3920   0.0741   0.9577   0.0095   0.8418   0.6916  -0.0424   0.0000   0.0138   0.1585    0.230
    98 -14.2350   1.3600   0.0724   0.9298   0.0090   0.8364   0.6871  -0.0395   0.0000   0.0131   0.1581    0.231
    99 -14.2663   1.3280   0.0707   0.9031   0.0087   0.8318   0.6834  -0.0380   0.0000   0.0127   0.1575    0.231
   100 -14.2977   1.2960   0.0690   0.8739   0.0084   0.8246   0.6775  -0.0365   0.0000   0.0121   0.1567    0.232
   101 -14.3290   1.2640   0.0673   0.8500   0.0081   0.8223   0.6756  -0.0355   0.0000   0.0124   0.1560    0.232
   102 -14.3603   1.2320   0.0655   0.8251   0.0080   0.8189   0.6728  -0.0345   0.0000   0.0126   0.1551    0.231
   103 -14.3917   1.2000   0.0638   0.7966   0.0079   0.8117   0.6669  -0.0342   0.0000   0.0123   0.1539    0.231
   104 -14.4230   1.1680   0.0621   0.7734   0.0078   0.8096   0.6651  -0.0325   0.0000   0.0132   0.1526    0.230
   105 -14.4543   1.1360   0.0604   0.7458   0.0078   0.8027   0.6595  -0.0323   0.0000   0.0136   0.1510    0.229
   106 -14.4857   1.1040   0.0587   0.7184   0.0079   0.7957   0.6537  -0.0334   0.0000   0.0140   0.1492    0.229
   107 -14.5170   1.0720   0.0570   0.6917   0.0081   0.7890   0.6482  -0.0324   0.0000   0.0150   0.1471    0.227
   108 -14.5483   1.0400   0.0553   0.6651   0.0083   0.7819   0.6424  -0.0319   0.0000   0.0160   0.1447    0.225
   109 -14.5797   1.0080   0.0536   0.6353   0.0087   0.7705   0.6331  -0.0310   0.0000   0.0167   0.1419    0.224
   110 -14.6110   0.9760   0.0519   0.6050   0.0091   0.7580   0.6228  -0.0327   0.0000   0.0176   0.1386    0.222
   111 -14.6423   0.9440   0.0502   0.5760   0.0096   0.7462   0.6131  -0.0325   0.0000   0.0192   0.1348    0.219
   112 -14.6737   0.9120   0.0485   0.5456   0.0103   0.7316   0.6011  -0.0321   0.0000   0.0210   0.1303    0.215
   113 -14.7050   0.8800   0.0468   0.5114   0.0110   0.7109   0.5840  -0.0323   0.0000   0.0223   0.1250    0.212
   114 -14.7363   0.8480   0.0451   0.4770   0.0119   0.6881   0.5653  -0.0324   0.0000   0.0241   0.1189    0.207
   115 -14.7677   0.8160   0.0434   0.4386   0.0129   0.6576   0.5403  -0.0327   0.0000   0.0256   0.1115    0.203
   116 -14.7990   0.7840   0.0417   0.3985   0.0141   0.6220   0.5110  -0.0327   0.0000   0.0274   0.1028    0.196
   117 -14.8303   0.7520   0.0400   0.3558   0.0154   0.5790   0.4757  -0.0308   0.0000   0.0294   0.0923    0.188
   118 -14.8617   0.7200   0.0383   0.3052   0.0169   0.5188   0.4262  -0.0289   0.0000   0.0303   0.0793    0.179
   119 -14.8930   0.6880   0.0366   0.2439   0.0186   0.4343   0.3568  -0.0281   0.0000   0.0292   0.0631    0.168
   120 -14.9243   0.6560   0.0349   0.1640   0.0206   0.3063   0.2516  -0.0218   0.0000   0.0243   0.0413    0.154
 ---------------------------------------------------------------
