 ---------------------------------------------------------------
 Surface and Strip Forces by surface

  Forces referred to Sref, Cref, Bref about Xref, Yref, Zref
 Standard axis orientation,  X fwd, Z down         

  Surface # 1     Wing                                    
     # Chordwise = 10   # Spanwise = 30     First strip =  1
     Surface area =   52.500000       Ave. chord =    3.750000
     CLsurf  =   0.29935     Clsurf  =  -0.06640
     CYsurf  =  -0.00024     Cmsurf  =  -0.18889
     CDsurf  =   0.00726     Cnsurf  =  -0.00514
     CDisurf =   0.00726     CDvsurf =   0.00000

  Forces referred to Ssurf, Cave about hinge axis thru LE
     CLsurf  =   0.59870     CDsurf  =   0.01453
     Deflect =

 Strip Forces referred to Strip Area, Chord
    j      Yle    Chord     Area     c cl      ai      cl_norm  cl       cd       cdv    cm_c/4    cm_LE  C.P.x/c
     1   0.2333   5.4417   2.5394   2.7392   0.0488   0.5205   0.5030   0.0282   0.0000  -0.0095  -0.1313    0.269
     2   0.7000   5.3250   2.4850   2.7356   0.0487   0.5319   0.5140   0.0228   0.0000  -0.0066  -0.1310    0.263
     3   1.1667   5.2083   2.4306   2.7284   0.0485   0.5426   0.5244   0.0206   0.0000  -0.0043  -0.1313    0.258
     4   1.6333   5.0917   2.3761   2.7178   0.0483   0.5531   0.5345   0.0190   0.0000  -0.0026  -0.1320    0.255
     5   2.1000   4.9750   2.3217   2.7036   0.0480   0.5632   0.5443   0.0178   0.0000  -0.0012  -0.1330    0.252
     6   2.5667   4.8583   2.2672   2.6860   0.0476   0.5732   0.5539   0.0169   0.0000  -0.0002  -0.1342    0.250
     7   3.0333   4.7417   2.2128   2.6651   0.0472   0.5828   0.5632   0.0161   0.0000   0.0007  -0.1357    0.249
     8   3.5000   4.6250   2.1583   2.6408   0.0468   0.5922   0.5722   0.0153   0.0000   0.0013  -0.1372    0.248
     9   3.9667   4.5083   2.1039   2.6134   0.0463   0.6013   0.5810   0.0145   0.0000   0.0018  -0.1388    0.247
    10   4.4333   4.3917   2.0494   2.5827   0.0457   0.6101   0.5895   0.0140   0.0000   0.0022  -0.1405    0.246
    11   4.9000   4.2750   1.9950   2.5489   0.0452   0.6186   0.5978   0.0135   0.0000   0.0025  -0.1421    0.246
    12   5.3667   4.1583   1.9406   2.5121   0.0447   0.6268   0.6057   0.0129   0.0000   0.0028  -0.1438    0.245
    13   5.8333   4.0417   1.8861   2.4722   0.0441   0.6348   0.6134   0.0124   0.0000   0.0030  -0.1454    0.245
    14   6.3000   3.9250   1.8317   2.4294   0.0435   0.6424   0.6207   0.0119   0.0000   0.0032  -0.1470    0.245
    15   6.7667   3.8083   1.7772   2.3835   0.0430   0.6496   0.6277   0.0115   0.0000   0.0034  -0.1485    0.245
    16   7.2333   3.6917   1.7228   2.3347   0.0425   0.6565   0.6344   0.0110   0.0000   0.0036  -0.1499    0.244
    17   7.7000   3.5750   1.6683   2.2829   0.0420   0.6629   0.6406   0.0106   0.0000   0.0037  -0.1513    0.244
    18   8.1667   3.4583   1.6139   2.2280   0.0415   0.6688   0.6463   0.0101   0.0000   0.0039  -0.1525    0.244
    19   8.6333   3.3417   1.5594   2.1700   0.0411   0.6742   0.6516   0.0097   0.0000   0.0041  -0.1535    0.244
    20   9.1000   3.2250   1.5050   2.1089   0.0408   0.6790   0.6561   0.0093   0.0000   0.0043  -0.1544    0.243
    21   9.5667   3.1083   1.4506   2.0444   0.0405   0.6830   0.6600   0.0089   0.0000   0.0045  -0.1552    0.243
    22  10.0333   2.9917   1.3961   1.9763   0.0403   0.6860   0.6629   0.0086   0.0000   0.0047  -0.1557    0.243
    23  10.5000   2.8750   1.3417   1.9046   0.0401   0.6880   0.6648   0.0084   0.0000   0.0049  -0.1560    0.243
    24  10.9667   2.7583   1.2872   1.8288   0.0400   0.6886   0.6654   0.0082   0.0000   0.0049  -0.1560    0.243
    25  11.4333   2.6417   1.2328   1.7489   0.0399   0.6875   0.6644   0.0082   0.0000   0.0048  -0.1559    0.243
    26  11.9000   2.5250   1.1783   1.6645   0.0399   0.6846   0.6615   0.0086   0.0000   0.0041  -0.1559    0.244
    27  12.3667   2.4083   1.1239   1.5758   0.0399   0.6794   0.6565   0.0094   0.0000   0.0024  -0.1564    0.246
    28  12.8333   2.2917   1.0694   1.4833   0.0403   0.6719   0.6493   0.0112   0.0000  -0.0015  -0.1585    0.252
    29  13.3000   2.1750   1.0150   1.3880   0.0419   0.6620   0.6397   0.0158   0.0000  -0.0099  -0.1644    0.265
    30  13.7667   2.0583   0.9606   1.2931   0.0477   0.6505   0.6286   0.0272   0.0000  -0.0275  -0.1791    0.294

  Surface # 2     Wing (YDUP)                             
     # Chordwise = 10   # Spanwise = 30     First strip = 31
     Surface area =   52.500000       Ave. chord =    3.750000
     CLsurf  =   0.29935     Clsurf  =   0.06640
     CYsurf  =   0.00024     Cmsurf  =  -0.18889
     CDsurf  =   0.00726     Cnsurf  =   0.00514
     CDisurf =   0.00726     CDvsurf =   0.00000

  Forces referred to Ssurf, Cave about hinge axis thru LE
     CLsurf  =   0.59870     CDsurf  =   0.01452
     Deflect =

 Strip Forces referred to Strip Area, Chord
    j      Yle    Chord     Area     c cl      ai      cl_norm  cl       cd       cdv    cm_c/4    cm_LE  C.P.x/c
    31  -0.2333   5.4417   2.5394   2.7392   0.0488   0.5205   0.5030   0.0282   0.0000  -0.0095   0.1313    0.269
    32  -0.7000   5.3250   2.4850   2.7356   0.0487   0.5319   0.5140   0.0228   0.0000  -0.0066   0.1310    0.263
    33  -1.1667   5.2083   2.4306   2.7284   0.0485   0.5426   0.5244   0.0206   0.0000  -0.0043   0.1313    0.258
    34  -1.6333   5.0917   2.3761   2.7178   0.0483   0.5531   0.5345   0.0190   0.0000  -0.0026   0.1320    0.255
    35  -2.1000   4.9750   2.3217   2.7036   0.0480   0.5632   0.5443   0.0178   0.0000  -0.0012   0.1330    0.252
    36  -2.5667   4.8583   2.2672   2.6860   0.0476   0.5732   0.5539   0.0168   0.0000  -0.0002   0.1342    0.250
    37  -3.0333   4.7417   2.2128   2.6651   0.0472   0.5828   0.5632   0.0161   0.0000   0.0007   0.1357    0.249
    38  -3.5000   4.6250   2.1583   2.6408   0.0468   0.5922   0.5722   0.0153   0.0000   0.0013   0.1372    0.248
    39  -3.9667   4.5083   2.1039   2.6134   0.0463   0.6013   0.5810   0.0145   0.0000   0.0018   0.1388    0.247
    40  -4.4333   4.3917   2.0494   2.5827   0.0457   0.6101   0.5895   0.0140   0.0000   0.0022   0.1405    0.246
    41  -4.9000   4.2750   1.9950   2.5489   0.0452   0.6186   0.5978   0.0135   0.0000   0.0025   0.1421    0.246
    42  -5.3667   4.1583   1.9406   2.5121   0.0447   0.6268   0.6057   0.0129   0.0000   0.0028   0.1438    0.245
    43  -5.8333   4.0417   1.8861   2.4722   0.0441   0.6348   0.6134   0.0124   0.0000   0.0030   0.1454    0.245
    44  -6.3000   3.9250   1.8317   2.4294   0.0435   0.6424   0.6207   0.0119   0.0000   0.0032   0.1470    0.245
    45  -6.7667   3.8083   1.7772   2.3835   0.0430   0.6496   0.6277   0.0115   0.0000   0.0034   0.1485    0.245
    46  -7.2333   3.6917   1.7228   2.3347   0.0425   0.6565   0.6344   0.0110   0.0000   0.0036   0.1499    0.244
    47  -7.7000   3.5750   1.6683   2.2829   0.0420   0.6629   0.6406   0.0106   0.0000   0.0037   0.1513    0.244
    48  -8.1667   3.4583   1.6139   2.2280   0.0415   0.6688   0.6463   0.0101   0.0000   0.0039   0.1525    0.244
    49  -8.6333   3.3417   1.5594   2.1700   0.0411   0.6742   0.6516   0.0097   0.0000   0.0041   0.1535    0.244
    50  -9.1000   3.2250   1.5050   2.1089   0.0408   0.6790   0.6561   0.0093   0.0000   0.0043   0.1544    0.243
    51  -9.5667   3.1083   1.4506   2.0444   0.0405   0.6830   0.6600   0.0089   0.0000   0.0045   0.1552    0.243
    52 -10.0333   2.9917   1.3961   1.9763   0.0403   0.6860   0.6629   0.0086   0.0000   0.0047   0.1557    0.243
    53 -10.5000   2.8750   1.3417   1.9046   0.0401   0.6880   0.6648   0.0084   0.0000   0.0049   0.1560    0.243
    54 -10.9667   2.7583   1.2872   1.8288   0.0400   0.6886   0.6654   0.0081   0.0000   0.0049   0.1560    0.243
    55 -11.4333   2.6417   1.2328   1.7489   0.0399   0.6875   0.6644   0.0082   0.0000   0.0048   0.1559    0.243
    56 -11.9000   2.5250   1.1783   1.6645   0.0399   0.6846   0.6615   0.0086   0.0000   0.0041   0.1559    0.244
    57 -12.3667   2.4083   1.1239   1.5758   0.0399   0.6794   0.6565   0.0094   0.0000   0.0024   0.1564    0.246
    58 -12.8333   2.2917   1.0694   1.4833   0.0403   0.6719   0.6493   0.0112   0.0000  -0.0015   0.1585    0.252
    59 -13.3000   2.1750   1.0150   1.3880   0.0419   0.6620   0.6397   0.0157   0.0000  -0.0099   0.1644    0.265
    60 -13.7667   2.0583   0.9606   1.2931   0.0477   0.6505   0.6286   0.0270   0.0000  -0.0275   0.1791    0.294

  Surface # 3     Winglet                                 
     # Chordwise = 10   # Spanwise = 30     First strip = 61
     Surface area =    2.508800       Ave. chord =    1.120000
     CLsurf  =   0.00065     Clsurf  =  -0.00060
     CYsurf  =  -0.01253     Cmsurf  =  -0.00077
     CDsurf  =  -0.00107     Cnsurf  =   0.00149
     CDisurf =  -0.00107     CDvsurf =   0.00000

  Forces referred to Ssurf, Cave about hinge axis thru LE
     CLsurf  =   0.52456     CDsurf  =  -0.04470
     Deflect =

 Strip Forces referred to Strip Area, Chord
    j      Yle    Chord     Area     c cl      ai      cl_norm  cl       cd       cdv    cm_c/4    cm_LE  C.P.x/c
    61  14.0000   1.5840   0.1183   1.1919  -0.0247   0.9487   0.7524  -0.1394   0.0000   0.0331  -0.1621    0.206
    62  14.0000   1.5520   0.1159   1.0630  -0.0282   0.8635   0.6849  -0.0879   0.0000   0.0184  -0.1587    0.223
    63  14.0000   1.5200   0.1135   0.9988  -0.0304   0.8285   0.6571  -0.0676   0.0000   0.0142  -0.1553    0.228
    64  14.0000   1.4880   0.1111   0.9480  -0.0319   0.8032   0.6371  -0.0590   0.0000   0.0119  -0.1521    0.231
    65  14.0000   1.4560   0.1087   0.9030  -0.0330   0.7819   0.6202  -0.0531   0.0000   0.0103  -0.1492    0.233
    66  14.0000   1.4240   0.1063   0.8621  -0.0340   0.7633   0.6054  -0.0490   0.0000   0.0092  -0.1465    0.235
    67  14.0000   1.3920   0.1039   0.8242  -0.0347   0.7465   0.5921  -0.0465   0.0000   0.0083  -0.1439    0.236
    68  14.0000   1.3600   0.1015   0.7887  -0.0353   0.7312   0.5799  -0.0445   0.0000   0.0077  -0.1413    0.237
    69  14.0000   1.3280   0.0992   0.7552  -0.0358   0.7169   0.5686  -0.0422   0.0000   0.0073  -0.1389    0.237
    70  14.0000   1.2960   0.0968   0.7232  -0.0362   0.7035   0.5580  -0.0404   0.0000   0.0070  -0.1364    0.238
    71  14.0000   1.2640   0.0944   0.6925  -0.0365   0.6907   0.5479  -0.0392   0.0000   0.0068  -0.1340    0.238
    72  14.0000   1.2320   0.0920   0.6629  -0.0367   0.6784   0.5381  -0.0376   0.0000   0.0067  -0.1316    0.238
    73  14.0000   1.2000   0.0896   0.6343  -0.0368   0.6664   0.5286  -0.0369   0.0000   0.0067  -0.1292    0.237
    74  14.0000   1.1680   0.0872   0.6064  -0.0368   0.6546   0.5192  -0.0356   0.0000   0.0068  -0.1268    0.237
    75  14.0000   1.1360   0.0848   0.5792  -0.0367   0.6429   0.5099  -0.0345   0.0000   0.0070  -0.1243    0.236
    76  14.0000   1.1040   0.0824   0.5526  -0.0365   0.6311   0.5006  -0.0336   0.0000   0.0073  -0.1216    0.235
    77  14.0000   1.0720   0.0800   0.5264  -0.0362   0.6191   0.4911  -0.0325   0.0000   0.0076  -0.1189    0.234
    78  14.0000   1.0400   0.0777   0.5005  -0.0359   0.6068   0.4813  -0.0318   0.0000   0.0081  -0.1160    0.233
    79  14.0000   1.0080   0.0753   0.4748  -0.0354   0.5939   0.4711  -0.0307   0.0000   0.0087  -0.1129    0.232
    80  14.0000   0.9760   0.0729   0.4492  -0.0348   0.5803   0.4602  -0.0302   0.0000   0.0094  -0.1096    0.230
    81  14.0000   0.9440   0.0705   0.4234  -0.0341   0.5655   0.4486  -0.0287   0.0000   0.0102  -0.1059    0.227
    82  14.0000   0.9120   0.0681   0.3974  -0.0332   0.5494   0.4358  -0.0277   0.0000   0.0112  -0.1018    0.224
    83  14.0000   0.8800   0.0657   0.3709  -0.0323   0.5314   0.4215  -0.0263   0.0000   0.0123  -0.0972    0.221
    84  14.0000   0.8480   0.0633   0.3436  -0.0312   0.5108   0.4051  -0.0262   0.0000   0.0136  -0.0919    0.216
    85  14.0000   0.8160   0.0609   0.3150  -0.0299   0.4868   0.3861  -0.0245   0.0000   0.0151  -0.0858    0.211
    86  14.0000   0.7840   0.0585   0.2848  -0.0286   0.4580   0.3632  -0.0225   0.0000   0.0167  -0.0787    0.204
    87  14.0000   0.7520   0.0561   0.2520  -0.0270   0.4225   0.3351  -0.0224   0.0000   0.0182  -0.0702    0.196
    88  14.0000   0.7200   0.0538   0.2152  -0.0254   0.3768   0.2989  -0.0202   0.0000   0.0194  -0.0599    0.185
    89  14.0000   0.6880   0.0514   0.1717  -0.0236   0.3147   0.2496  -0.0171   0.0000   0.0196  -0.0471    0.171
    90  14.0000   0.6560   0.0490   0.1143  -0.0216   0.2197   0.1743  -0.0128   0.0000   0.0168  -0.0302    0.153

  Surface # 4     Winglet (YDUP)                          
     # Chordwise = 10   # Spanwise = 30     First strip = 91
     Surface area =    2.508800       Ave. chord =    1.120000
     CLsurf  =   0.00065     Clsurf  =   0.00060
     CYsurf  =   0.01253     Cmsurf  =  -0.00077
     CDsurf  =  -0.00107     Cnsurf  =  -0.00149
     CDisurf =  -0.00107     CDvsurf =   0.00000

  Forces referred to Ssurf, Cave about hinge axis thru LE
     CLsurf  =   0.52456     CDsurf  =  -0.04479
     Deflect =

 Strip Forces referred to Strip Area, Chord
    j      Yle    Chord     Area     c cl      ai      cl_norm  cl       cd       cdv    cm_c/4    cm_LE  C.P.x/c
    91 -14.0000   1.5840   0.1183   1.1919  -0.0247   0.9487   0.7524  -0.1400   0.0000   0.0331   0.1621    0.206
    92 -14.0000   1.5520   0.1159   1.0630  -0.0282   0.8635   0.6849  -0.0886   0.0000   0.0184   0.1587    0.223
    93 -14.0000   1.5200   0.1135   0.9988  -0.0304   0.8285   0.6571  -0.0681   0.0000   0.0142   0.1553    0.228
    94 -14.0000   1.4880   0.1111   0.9480  -0.0319   0.8032   0.6371  -0.0587   0.0000   0.0119   0.1521    0.231
    95 -14.0000   1.4560   0.1087   0.9030  -0.0330   0.7819   0.6202  -0.0534   0.0000   0.0103   0.1492    0.233
    96 -14.0000   1.4240   0.1063   0.8621  -0.0340   0.7633   0.6054  -0.0491   0.0000   0.0092   0.1465    0.235
    97 -14.0000   1.3920   0.1039   0.8242  -0.0347   0.7465   0.5921  -0.0464   0.0000   0.0083   0.1439    0.236
    98 -14.0000   1.3600   0.1015   0.7887  -0.0353   0.7312   0.5799  -0.0442   0.0000   0.0077   0.1413    0.237
    99 -14.0000   1.3280   0.0992   0.7552  -0.0358   0.7169   0.5686  -0.0422   0.0000   0.0073   0.1389    0.237
   100 -14.0000   1.2960   0.0968   0.7232  -0.0362   0.7035   0.5580  -0.0405   0.0000   0.0070   0.1364    0.238
   101 -14.0000   1.2640   0.0944   0.6925  -0.0365   0.6907   0.5479  -0.0392   0.0000   0.0068   0.1340    0.238
   102 -14.0000   1.2320   0.0920   0.6629  -0.0367   0.6784   0.5381  -0.0377   0.0000   0.0067   0.1316    0.238
   103 -14.0000   1.2000   0.0896   0.6343  -0.0368   0.6664   0.5286  -0.0367   0.0000   0.0067   0.1292    0.237
   104 -14.0000   1.1680   0.0872   0.6064  -0.0368   0.6546   0.5192  -0.0355   0.0000   0.0068   0.1268    0.237
   105 -14.0000   1.1360   0.0848   0.5792  -0.0367   0.6429   0.5099  -0.0343   0.0000   0.0070   0.1243    0.236
   106 -14.0000   1.1040   0.0824   0.5526  -0.0365   0.6311   0.5006  -0.0336   0.0000   0.0073   0.1216    0.235
   107 -14.0000   1.0720   0.0800   0.5264  -0.0362   0.6191   0.4911  -0.0325   0.0000   0.0076   0.1189    0.234
   108 -14.0000   1.0400   0.0777   0.5005  -0.0359   0.6068   0.4813  -0.0319   0.0000   0.0081   0.1160    0.233
   109 -14.0000   1.0080   0.0753   0.4748  -0.0354   0.5939   0.4711  -0.0308   0.0000   0.0087   0.1129    0.232
   110 -14.0000   0.9760   0.0729   0.4492  -0.0348   0.5803   0.4602  -0.0301   0.0000   0.0094   0.1096    0.230
   111 -14.0000   0.9440   0.0705   0.4234  -0.0341   0.5655   0.4486  -0.0289   0.0000   0.0102   0.1059    0.227
   112 -14.0000   0.9120   0.0681   0.3974  -0.0332   0.5494   0.4358  -0.0276   0.0000   0.0112   0.1018    0.224
   113 -14.0000   0.8800   0.0657   0.3709  -0.0323   0.5314   0.4215  -0.0263   0.0000   0.0123   0.0972    0.221
   114 -14.0000   0.8480   0.0633   0.3436  -0.0312   0.5108   0.4051  -0.0261   0.0000   0.0136   0.0919    0.216
   115 -14.0000   0.8160   0.0609   0.3150  -0.0299   0.4868   0.3861  -0.0247   0.0000   0.0151   0.0858    0.211
   116 -14.0000   0.7840   0.0585   0.2848  -0.0286   0.4580   0.3632  -0.0232   0.0000   0.0167   0.0787    0.204
   117 -14.0000   0.7520   0.0561   0.2520  -0.0270   0.4225   0.3351  -0.0223   0.0000   0.0182   0.0702    0.196
   118 -14.0000   0.7200   0.0538   0.2152  -0.0254   0.3768   0.2989  -0.0199   0.0000   0.0194   0.0599    0.185
   119 -14.0000   0.6880   0.0514   0.1717  -0.0236   0.3147   0.2496  -0.0175   0.0000   0.0196   0.0471    0.171
   120 -14.0000   0.6560   0.0490   0.1143  -0.0216   0.2197   0.1743  -0.0132   0.0000   0.0168   0.0302    0.153
 ---------------------------------------------------------------
