 ---------------------------------------------------------------
 Surface and Strip Forces by surface

  Forces referred to Sref, Cref, Bref about Xref, Yref, Zref
 Standard axis orientation,  X fwd, Z down         

  Surface # 1     Wing                                    
     # Chordwise = 10   # Spanwise = 30     First strip =  1
     Surface area =   52.500000       Ave. chord =    3.750000
     CLsurf  =   0.29955     Clsurf  =  -0.06584
     CYsurf  =  -0.00025     Cmsurf  =  -0.18780
     CDsurf  =   0.00733     Cnsurf  =  -0.00520
     CDisurf =   0.00733     CDvsurf =   0.00000

  Forces referred to Ssurf, Cave about hinge axis thru LE
     CLsurf  =   0.59909     CDsurf  =   0.01466
     Deflect =

 Strip Forces referred to Strip Area, Chord
    j      Yle    Chord     Area     c cl      ai      cl_norm  cl       cd       cdv    cm_c/4    cm_LE  C.P.x/c
     1   0.2333   5.4417   2.5394   2.7690   0.0499   0.5262   0.5085   0.0289   0.0000  -0.0095  -0.1326    0.269
     2   0.7000   5.3250   2.4850   2.7653   0.0498   0.5376   0.5195   0.0234   0.0000  -0.0066  -0.1323    0.263
     3   1.1667   5.2083   2.4306   2.7579   0.0497   0.5485   0.5300   0.0212   0.0000  -0.0043  -0.1326    0.258
     4   1.6333   5.0917   2.3761   2.7470   0.0494   0.5590   0.5402   0.0195   0.0000  -0.0025  -0.1333    0.255
     5   2.1000   4.9750   2.3217   2.7325   0.0491   0.5693   0.5501   0.0183   0.0000  -0.0011  -0.1343    0.252
     6   2.5667   4.8583   2.2672   2.7144   0.0488   0.5792   0.5598   0.0173   0.0000  -0.0000  -0.1355    0.250
     7   3.0333   4.7417   2.2128   2.6929   0.0484   0.5889   0.5691   0.0165   0.0000   0.0008  -0.1369    0.249
     8   3.5000   4.6250   2.1583   2.6680   0.0479   0.5983   0.5781   0.0158   0.0000   0.0015  -0.1385    0.247
     9   3.9667   4.5083   2.1039   2.6397   0.0475   0.6074   0.5869   0.0150   0.0000   0.0020  -0.1401    0.247
    10   4.4333   4.3917   2.0494   2.6082   0.0470   0.6161   0.5954   0.0144   0.0000   0.0024  -0.1417    0.246
    11   4.9000   4.2750   1.9950   2.5734   0.0464   0.6246   0.6036   0.0139   0.0000   0.0028  -0.1433    0.245
    12   5.3667   4.1583   1.9406   2.5354   0.0459   0.6327   0.6114   0.0133   0.0000   0.0031  -0.1449    0.245
    13   5.8333   4.0417   1.8861   2.4942   0.0454   0.6404   0.6189   0.0128   0.0000   0.0033  -0.1465    0.245
    14   6.3000   3.9250   1.8317   2.4499   0.0449   0.6478   0.6260   0.0123   0.0000   0.0036  -0.1479    0.244
    15   6.7667   3.8083   1.7772   2.4023   0.0444   0.6548   0.6328   0.0118   0.0000   0.0038  -0.1493    0.244
    16   7.2333   3.6917   1.7228   2.3516   0.0440   0.6613   0.6390   0.0113   0.0000   0.0040  -0.1506    0.244
    17   7.7000   3.5750   1.6683   2.2976   0.0436   0.6672   0.6448   0.0109   0.0000   0.0042  -0.1518    0.243
    18   8.1667   3.4583   1.6139   2.2403   0.0433   0.6726   0.6500   0.0104   0.0000   0.0045  -0.1528    0.243
    19   8.6333   3.3417   1.5594   2.1794   0.0431   0.6772   0.6544   0.0100   0.0000   0.0048  -0.1536    0.243
    20   9.1000   3.2250   1.5050   2.1149   0.0429   0.6810   0.6581   0.0096   0.0000   0.0051  -0.1541    0.242
    21   9.5667   3.1083   1.4506   2.0464   0.0429   0.6837   0.6607   0.0091   0.0000   0.0055  -0.1544    0.242
    22  10.0333   2.9917   1.3961   1.9736   0.0430   0.6851   0.6621   0.0087   0.0000   0.0059  -0.1542    0.241
    23  10.5000   2.8750   1.3417   1.8960   0.0433   0.6849   0.6619   0.0085   0.0000   0.0065  -0.1537    0.240
    24  10.9667   2.7583   1.2872   1.8131   0.0438   0.6827   0.6597   0.0081   0.0000   0.0070  -0.1526    0.239
    25  11.4333   2.6417   1.2328   1.7240   0.0446   0.6779   0.6551   0.0079   0.0000   0.0076  -0.1509    0.238
    26  11.9000   2.5250   1.1783   1.6281   0.0457   0.6697   0.6472   0.0080   0.0000   0.0081  -0.1486    0.238
    27  12.3667   2.4083   1.1239   1.5246   0.0471   0.6575   0.6354   0.0084   0.0000   0.0080  -0.1458    0.237
    28  12.8333   2.2917   1.0694   1.4134   0.0491   0.6404   0.6188   0.0096   0.0000   0.0065  -0.1432    0.239
    29  13.3000   2.1750   1.0150   1.2962   0.0522   0.6184   0.5976   0.0131   0.0000   0.0016  -0.1430    0.247
    30  13.7667   2.0583   0.9606   1.1808   0.0578   0.5942   0.5742   0.0231   0.0000  -0.0121  -0.1508    0.271

  Surface # 2     Wing (YDUP)                             
     # Chordwise = 10   # Spanwise = 30     First strip = 31
     Surface area =   52.500000       Ave. chord =    3.750000
     CLsurf  =   0.29955     Clsurf  =   0.06584
     CYsurf  =   0.00025     Cmsurf  =  -0.18780
     CDsurf  =   0.00733     Cnsurf  =   0.00520
     CDisurf =   0.00733     CDvsurf =   0.00000

  Forces referred to Ssurf, Cave about hinge axis thru LE
     CLsurf  =   0.59910     CDsurf  =   0.01465
     Deflect =

 Strip Forces referred to Strip Area, Chord
    j      Yle    Chord     Area     c cl      ai      cl_norm  cl       cd       cdv    cm_c/4    cm_LE  C.P.x/c
    31  -0.2333   5.4417   2.5394   2.7690   0.0499   0.5262   0.5085   0.0289   0.0000  -0.0095   0.1326    0.269
    32  -0.7000   5.3250   2.4850   2.7653   0.0498   0.5376   0.5195   0.0234   0.0000  -0.0066   0.1323    0.263
    33  -1.1667   5.2083   2.4306   2.7579   0.0497   0.5485   0.5300   0.0211   0.0000  -0.0043   0.1326    0.258
    34  -1.6333   5.0917   2.3761   2.7470   0.0494   0.5590   0.5402   0.0195   0.0000  -0.0025   0.1333    0.255
    35  -2.1000   4.9750   2.3217   2.7325   0.0491   0.5693   0.5501   0.0183   0.0000  -0.0011   0.1343    0.252
    36  -2.5667   4.8583   2.2672   2.7144   0.0488   0.5792   0.5598   0.0173   0.0000  -0.0000   0.1355    0.250
    37  -3.0333   4.7417   2.2128   2.6929   0.0484   0.5889   0.5691   0.0165   0.0000   0.0008   0.1369    0.249
    38  -3.5000   4.6250   2.1583   2.6680   0.0479   0.5983   0.5781   0.0158   0.0000   0.0015   0.1385    0.247
    39  -3.9667   4.5083   2.1039   2.6397   0.0475   0.6074   0.5869   0.0150   0.0000   0.0020   0.1401    0.247
    40  -4.4333   4.3917   2.0494   2.6082   0.0470   0.6161   0.5954   0.0144   0.0000   0.0024   0.1417    0.246
    41  -4.9000   4.2750   1.9950   2.5734   0.0464   0.6246   0.6036   0.0139   0.0000   0.0028   0.1433    0.245
    42  -5.3667   4.1583   1.9406   2.5354   0.0459   0.6327   0.6114   0.0133   0.0000   0.0031   0.1449    0.245
    43  -5.8333   4.0417   1.8861   2.4942   0.0454   0.6404   0.6189   0.0128   0.0000   0.0033   0.1465    0.245
    44  -6.3000   3.9250   1.8317   2.4499   0.0449   0.6478   0.6260   0.0123   0.0000   0.0036   0.1479    0.244
    45  -6.7667   3.8083   1.7772   2.4023   0.0444   0.6548   0.6328   0.0118   0.0000   0.0038   0.1493    0.244
    46  -7.2333   3.6917   1.7228   2.3516   0.0440   0.6613   0.6390   0.0113   0.0000   0.0040   0.1506    0.244
    47  -7.7000   3.5750   1.6683   2.2976   0.0436   0.6672   0.6448   0.0109   0.0000   0.0042   0.1518    0.243
    48  -8.1667   3.4583   1.6139   2.2403   0.0433   0.6726   0.6500   0.0104   0.0000   0.0045   0.1528    0.243
    49  -8.6333   3.3417   1.5594   2.1794   0.0431   0.6772   0.6544   0.0100   0.0000   0.0048   0.1536    0.243
    50  -9.1000   3.2250   1.5050   2.1149   0.0429   0.6810   0.6581   0.0095   0.0000   0.0051   0.1541    0.242
    51  -9.5667   3.1083   1.4506   2.0464   0.0429   0.6837   0.6607   0.0091   0.0000   0.0055   0.1544    0.242
    52 -10.0333   2.9917   1.3961   1.9736   0.0430   0.6851   0.6621   0.0087   0.0000   0.0059   0.1542    0.241
    53 -10.5000   2.8750   1.3417   1.8960   0.0433   0.6849   0.6619   0.0085   0.0000   0.0065   0.1537    0.240
    54 -10.9667   2.7583   1.2872   1.8131   0.0438   0.6827   0.6598   0.0080   0.0000   0.0070   0.1526    0.239
    55 -11.4333   2.6417   1.2328   1.7240   0.0446   0.6779   0.6551   0.0079   0.0000   0.0076   0.1509    0.238
    56 -11.9000   2.5250   1.1783   1.6281   0.0457   0.6697   0.6472   0.0080   0.0000   0.0081   0.1486    0.238
    57 -12.3667   2.4083   1.1239   1.5246   0.0471   0.6575   0.6354   0.0084   0.0000   0.0080   0.1458    0.237
    58 -12.8333   2.2917   1.0694   1.4134   0.0491   0.6404   0.6188   0.0096   0.0000   0.0065   0.1432    0.239
    59 -13.3000   2.1750   1.0150   1.2962   0.0522   0.6184   0.5976   0.0131   0.0000   0.0016   0.1430    0.247
    60 -13.7667   2.0583   0.9606   1.1808   0.0578   0.5942   0.5742   0.0230   0.0000  -0.0121   0.1508    0.271

  Surface # 3     Winglet                                 
     # Chordwise = 10   # Spanwise = 30     First strip = 61
     Surface area =    1.254400       Ave. chord =    1.120000
     CLsurf  =   0.00045     Clsurf  =  -0.00026
     CYsurf  =  -0.00649     Cmsurf  =  -0.00045
     CDsurf  =  -0.00076     Cnsurf  =   0.00062
     CDisurf =  -0.00076     CDvsurf =   0.00000

  Forces referred to Ssurf, Cave about hinge axis thru LE
     CLsurf  =   0.54342     CDsurf  =  -0.06328
     Deflect =

 Strip Forces referred to Strip Area, Chord
    j      Yle    Chord     Area     c cl      ai      cl_norm  cl       cd       cdv    cm_c/4    cm_LE  C.P.x/c
    61  14.0000   1.5840   0.0591   1.2562  -0.0102   0.9178   0.7931  -0.2134   0.0000   0.0446  -0.1605    0.194
    62  14.0000   1.5520   0.0579   1.0642  -0.0127   0.7935   0.6857  -0.1357   0.0000   0.0210  -0.1565    0.219
    63  14.0000   1.5200   0.0567   0.9955  -0.0152   0.7579   0.6549  -0.1036   0.0000   0.0150  -0.1542    0.227
    64  14.0000   1.4880   0.0556   0.9468  -0.0173   0.7363   0.6363  -0.0866   0.0000   0.0119  -0.1523    0.231
    65  14.0000   1.4560   0.0544   0.9067  -0.0190   0.7206   0.6227  -0.0755   0.0000   0.0099  -0.1505    0.234
    66  14.0000   1.4240   0.0532   0.8710  -0.0203   0.7078   0.6116  -0.0696   0.0000   0.0085  -0.1489    0.236
    67  14.0000   1.3920   0.0520   0.8378  -0.0215   0.6966   0.6019  -0.0617   0.0000   0.0075  -0.1473    0.238
    68  14.0000   1.3600   0.0508   0.8064  -0.0225   0.6862   0.5930  -0.0599   0.0000   0.0066  -0.1458    0.239
    69  14.0000   1.3280   0.0496   0.7763  -0.0235   0.6765   0.5846  -0.0559   0.0000   0.0059  -0.1443    0.240
    70  14.0000   1.2960   0.0484   0.7472  -0.0244   0.6672   0.5766  -0.0542   0.0000   0.0053  -0.1427    0.241
    71  14.0000   1.2640   0.0472   0.7190  -0.0253   0.6583   0.5688  -0.0514   0.0000   0.0049  -0.1411    0.241
    72  14.0000   1.2320   0.0460   0.6914  -0.0261   0.6494   0.5612  -0.0490   0.0000   0.0046  -0.1394    0.242
    73  14.0000   1.2000   0.0448   0.6643  -0.0269   0.6406   0.5536  -0.0487   0.0000   0.0045  -0.1376    0.242
    74  14.0000   1.1680   0.0436   0.6375  -0.0277   0.6317   0.5458  -0.0460   0.0000   0.0044  -0.1357    0.242
    75  14.0000   1.1360   0.0424   0.6111  -0.0284   0.6225   0.5379  -0.0458   0.0000   0.0045  -0.1336    0.242
    76  14.0000   1.1040   0.0412   0.5848  -0.0290   0.6130   0.5297  -0.0428   0.0000   0.0047  -0.1314    0.241
    77  14.0000   1.0720   0.0400   0.5585  -0.0296   0.6029   0.5210  -0.0430   0.0000   0.0049  -0.1289    0.241
    78  14.0000   1.0400   0.0388   0.5322  -0.0302   0.5922   0.5117  -0.0430   0.0000   0.0053  -0.1263    0.240
    79  14.0000   1.0080   0.0376   0.5057  -0.0307   0.5806   0.5017  -0.0422   0.0000   0.0058  -0.1233    0.238
    80  14.0000   0.9760   0.0364   0.4790  -0.0311   0.5680   0.4908  -0.0399   0.0000   0.0064  -0.1200    0.237
    81  14.0000   0.9440   0.0352   0.4518  -0.0315   0.5539   0.4786  -0.0399   0.0000   0.0071  -0.1163    0.235
    82  14.0000   0.9120   0.0340   0.4241  -0.0318   0.5381   0.4650  -0.0390   0.0000   0.0079  -0.1122    0.233
    83  14.0000   0.8800   0.0329   0.3956  -0.0321   0.5202   0.4495  -0.0360   0.0000   0.0088  -0.1075    0.231
    84  14.0000   0.8480   0.0317   0.3660  -0.0322   0.4995   0.4316  -0.0353   0.0000   0.0097  -0.1021    0.228
    85  14.0000   0.8160   0.0305   0.3350  -0.0323   0.4751   0.4106  -0.0359   0.0000   0.0107  -0.0959    0.224
    86  14.0000   0.7840   0.0293   0.3021  -0.0322   0.4460   0.3854  -0.0330   0.0000   0.0116  -0.0887    0.220
    87  14.0000   0.7520   0.0281   0.2665  -0.0320   0.4101   0.3544  -0.0309   0.0000   0.0125  -0.0800    0.215
    88  14.0000   0.7200   0.0269   0.2268  -0.0317   0.3645   0.3149  -0.0275   0.0000   0.0129  -0.0696    0.209
    89  14.0000   0.6880   0.0257   0.1802  -0.0312   0.3030   0.2619  -0.0234   0.0000   0.0126  -0.0563    0.202
    90  14.0000   0.6560   0.0245   0.1194  -0.0303   0.2105   0.1819  -0.0188   0.0000   0.0102  -0.0379    0.194

  Surface # 4     Winglet (YDUP)                          
     # Chordwise = 10   # Spanwise = 30     First strip = 91
     Surface area =    1.254400       Ave. chord =    1.120000
     CLsurf  =   0.00045     Clsurf  =   0.00026
     CYsurf  =   0.00649     Cmsurf  =  -0.00045
     CDsurf  =  -0.00076     Cnsurf  =  -0.00062
     CDisurf =  -0.00076     CDvsurf =   0.00000

  Forces referred to Ssurf, Cave about hinge axis thru LE
     CLsurf  =   0.54342     CDsurf  =  -0.06349
     Deflect =

 Strip Forces referred to Strip Area, Chord
    j      Yle    Chord     Area     c cl      ai      cl_norm  cl       cd       cdv    cm_c/4    cm_LE  C.P.x/c
    91 -14.0000   1.5840   0.0591   1.2562  -0.0102   0.9178   0.7931  -0.2133   0.0000   0.0446   0.1605    0.194
    92 -14.0000   1.5520   0.0579   1.0642  -0.0127   0.7935   0.6857  -0.1360   0.0000   0.0210   0.1565    0.219
    93 -14.0000   1.5200   0.0567   0.9955  -0.0152   0.7579   0.6549  -0.1038   0.0000   0.0150   0.1542    0.227
    94 -14.0000   1.4880   0.0556   0.9468  -0.0173   0.7363   0.6363  -0.0869   0.0000   0.0119   0.1523    0.231
    95 -14.0000   1.4560   0.0544   0.9067  -0.0190   0.7206   0.6227  -0.0756   0.0000   0.0099   0.1505    0.234
    96 -14.0000   1.4240   0.0532   0.8710  -0.0203   0.7078   0.6116  -0.0701   0.0000   0.0085   0.1489    0.236
    97 -14.0000   1.3920   0.0520   0.8378  -0.0215   0.6966   0.6019  -0.0620   0.0000   0.0075   0.1473    0.238
    98 -14.0000   1.3600   0.0508   0.8064  -0.0225   0.6862   0.5930  -0.0602   0.0000   0.0066   0.1458    0.239
    99 -14.0000   1.3280   0.0496   0.7763  -0.0235   0.6765   0.5846  -0.0566   0.0000   0.0059   0.1443    0.240
   100 -14.0000   1.2960   0.0484   0.7472  -0.0244   0.6672   0.5766  -0.0540   0.0000   0.0053   0.1427    0.241
   101 -14.0000   1.2640   0.0472   0.7190  -0.0253   0.6583   0.5688  -0.0520   0.0000   0.0049   0.1411    0.241
   102 -14.0000   1.2320   0.0460   0.6914  -0.0261   0.6494   0.5612  -0.0489   0.0000   0.0046   0.1394    0.242
   103 -14.0000   1.2000   0.0448   0.6643  -0.0269   0.6406   0.5536  -0.0486   0.0000   0.0045   0.1376    0.242
   104 -14.0000   1.1680   0.0436   0.6375  -0.0277   0.6317   0.5458  -0.0470   0.0000   0.0044   0.1357    0.242
   105 -14.0000   1.1360   0.0424   0.6111  -0.0284   0.6225   0.5379  -0.0448   0.0000   0.0045   0.1336    0.242
   106 -14.0000   1.1040   0.0412   0.5848  -0.0290   0.6130   0.5297  -0.0439   0.0000   0.0047   0.1314    0.241
   107 -14.0000   1.0720   0.0400   0.5585  -0.0296   0.6029   0.5210  -0.0437   0.0000   0.0049   0.1289    0.241
   108 -14.0000   1.0400   0.0388   0.5322  -0.0302   0.5922   0.5117  -0.0422   0.0000   0.0053   0.1263    0.240
   109 -14.0000   1.0080   0.0376   0.5057  -0.0307   0.5806   0.5017  -0.0422   0.0000   0.0058   0.1233    0.238
   110 -14.0000   0.9760   0.0364   0.4790  -0.0311   0.5680   0.4908  -0.0398   0.0000   0.0064   0.1200    0.237
   111 -14.0000   0.9440   0.0352   0.4518  -0.0315   0.5539   0.4786  -0.0399   0.0000   0.0071   0.1163    0.235
   112 -14.0000   0.9120   0.0340   0.4241  -0.0318   0.5381   0.4650  -0.0379   0.0000   0.0079   0.1122    0.233
   113 -14.0000   0.8800   0.0329   0.3956  -0.0321   0.5202   0.4495  -0.0370   0.0000   0.0088   0.1075    0.231
   114 -14.0000   0.8480   0.0317   0.3660  -0.0322   0.4995   0.4316  -0.0356   0.0000   0.0097   0.1021    0.228
   115 -14.0000   0.8160   0.0305   0.3350  -0.0323   0.4751   0.4106  -0.0351   0.0000   0.0107   0.0959    0.224
   116 -14.0000   0.7840   0.0293   0.3021  -0.0322   0.4460   0.3854  -0.0341   0.0000   0.0116   0.0887    0.220
   117 -14.0000   0.7520   0.0281   0.2665  -0.0320   0.4101   0.3544  -0.0311   0.0000   0.0125   0.0800    0.215
   118 -14.0000   0.7200   0.0269   0.2268  -0.0317   0.3645   0.3149  -0.0277   0.0000   0.0129   0.0696    0.209
   119 -14.0000   0.6880   0.0257   0.1802  -0.0312   0.3030   0.2619  -0.0235   0.0000   0.0126   0.0563    0.202
   120 -14.0000   0.6560   0.0245   0.1194  -0.0303   0.2105   0.1819  -0.0200   0.0000   0.0102   0.0379    0.194
 ---------------------------------------------------------------
